0.000000	0.000000
0.001277	32.165000
0.002553	33.460000
0.003830	33.460000
0.005106	33.460000
0.006383	33.460000
0.007660	33.460000
0.008936	33.460000
0.010213	33.460000
0.011490	33.460000
0.012766	33.460000
0.014043	33.192000
0.015319	32.289000
0.016596	31.048000
0.017873	29.764000
0.019149	28.482000
0.020426	24.140000
0.021703	22.905000
0.022979	21.981000
0.024256	21.312000
0.025532	20.837000
0.026809	20.502000
0.028086	20.285000
0.029362	20.127000
0.030639	19.991000
0.031916	19.905000
0.033192	19.824000
0.034469	19.769000
0.035745	19.700000
0.037022	19.657000
0.038299	19.606000
0.039575	19.553000
0.040852	19.496000
0.042129	19.452000
0.043405	19.401000
0.044682	19.375000
0.045958	19.334000
0.047235	19.311000
0.048512	19.290000
0.049788	19.281000
0.051065	19.272000
0.052342	19.253000
0.053618	19.235000
0.054895	19.244000
0.056171	19.204000
0.057448	19.156000
0.058725	19.121000
0.060001	19.098000
0.061278	19.048000
0.062555	19.031000
0.063831	19.027000
0.065108	19.031000
0.066384	19.004000
0.067661	18.993000
0.068938	18.976000
0.070214	18.976000
0.071491	18.955000
0.072768	18.951000
0.074044	18.941000
0.075321	18.948000
0.076597	18.905000
0.077874	18.873000
0.079151	18.839000
0.080427	18.825000
0.081704	18.813000
0.082981	18.813000
0.084257	18.806000
0.085534	18.810000
0.086810	18.791000
0.088087	18.772000
0.089364	18.764000
0.090640	18.749000
0.091917	18.756000
0.093193	18.733000
0.094470	18.706000
0.095747	18.710000
0.097023	18.694000
0.098300	18.690000
0.099577	18.666000
0.100853	18.658000
0.102130	18.642000
0.103406	18.630000
0.104683	18.601000
0.105960	18.609000
0.107236	18.597000
0.108513	18.601000
0.109790	18.588000
0.111066	18.601000
0.112343	18.605000
0.113619	18.584000
0.114896	18.559000
0.116173	18.567000
0.117449	18.546000
0.118726	18.542000
0.120003	18.521000
0.121279	18.508000
0.122556	18.499000
0.123832	18.499000
0.125109	18.490000
0.126386	18.499000
0.127662	18.490000
0.128939	18.482000
0.130216	18.477000
0.131492	18.486000
0.132769	18.469000
0.134045	18.473000
0.135322	18.429000
0.136599	18.415000
0.137875	18.438000
0.139152	18.433000
0.140429	18.402000
0.141705	18.411000
0.142982	18.379000
0.144258	18.370000
0.145535	18.365000
0.146812	18.370000
0.148088	18.365000
0.149365	18.374000
0.150642	18.333000
0.151918	18.347000
0.153195	18.351000
0.154471	18.318000
0.155748	18.300000
0.157025	18.318000
0.158301	18.304000
0.159578	18.295000
0.160855	18.290000
0.162131	18.295000
0.163408	18.276000
0.164684	18.261000
0.165961	18.247000
0.167238	18.242000
0.168514	18.222000
0.169791	18.237000
0.171068	18.232000
0.172344	18.217000
0.173621	18.207000
0.174897	18.217000
0.176174	18.197000
0.177451	18.217000
0.178727	18.197000
0.180004	18.167000
0.181280	18.142000
0.182557	18.152000
0.183834	18.157000
0.185110	18.147000
0.186387	18.132000
0.187664	18.142000
0.188940	18.137000
0.190217	18.142000
0.191493	18.137000
0.192770	18.121000
0.194047	18.095000
0.195323	18.121000
0.196600	18.106000
0.197877	18.111000
0.199153	18.085000
0.200430	18.090000
0.201706	18.069000
0.202983	18.085000
0.204260	18.090000
0.205536	18.101000
0.206813	18.085000
0.208090	18.074000
0.209366	18.069000
0.210643	18.048000
0.211919	18.053000
0.213196	18.053000
0.214473	18.053000
0.215749	18.053000
0.217026	18.037000
0.218303	18.064000
0.219579	18.032000
0.220856	18.032000
0.222132	18.005000
0.223409	17.983000
0.224686	17.988000
0.225962	18.016000
0.227239	17.972000
0.228516	17.966000
0.229792	17.944000
0.231069	17.944000
0.232345	17.950000
0.233622	17.966000
0.234899	17.939000
0.236175	17.944000
0.237452	17.950000
0.238729	17.966000
0.240005	17.972000
0.241282	17.972000
0.242558	17.939000
0.243835	17.927000
0.245112	17.922000
0.246388	17.922000
0.247665	17.899000
0.248942	17.893000
0.250218	17.893000
0.251495	17.882000
0.252771	17.887000
0.254048	17.870000
0.255325	17.876000
0.256601	17.893000
0.257878	17.899000
0.259155	17.927000
0.260431	17.887000
0.261708	17.876000
0.262984	17.859000
0.264261	17.853000
0.265538	17.841000
0.266814	17.847000
0.268091	17.841000
0.269367	17.887000
0.270644	17.859000
0.271921	17.823000
0.273197	17.811000
0.274474	17.811000
0.275751	17.811000
0.277027	17.841000
0.278304	17.835000
0.279580	17.817000
0.280857	17.800000
0.282134	17.823000
0.283410	17.775000
0.284687	17.769000
0.285964	17.800000
0.287240	17.811000
0.288517	17.788000
0.289793	17.763000
0.291070	17.769000
0.292347	17.782000
0.293623	17.769000
0.294900	17.769000
0.296177	17.782000
0.297453	17.769000
0.298730	17.769000
0.300006	17.763000
0.301283	17.769000
0.302560	17.800000
0.303836	17.794000
0.305113	17.788000
0.306390	17.782000
0.307666	17.805000
0.308943	17.769000
0.310219	17.739000
0.311496	17.714000
0.312773	17.739000
0.314049	17.714000
0.315326	17.733000
0.316603	17.714000
0.317879	17.720000
0.319156	17.689000
0.320432	17.708000
0.321709	17.689000
0.322986	17.702000
0.324262	17.695000
0.325539	17.714000
0.326816	17.695000
0.328092	17.683000
0.329369	17.708000
0.330645	17.695000
0.331922	17.645000
0.333199	17.670000
0.334475	17.670000
0.335752	17.683000
0.337029	17.670000
0.338305	17.664000
0.339582	17.632000
0.340858	17.645000
0.342135	17.664000
0.343412	17.670000
0.344688	17.651000
0.345965	17.664000
0.347242	17.651000
0.348518	17.645000
0.349795	17.632000
0.351071	17.657000
0.352348	17.619000
0.353625	17.586000
0.354901	17.553000
0.356178	17.599000
0.357454	17.606000
0.358731	17.612000
0.360008	17.606000
0.361284	17.625000
0.362561	17.599000
0.363838	17.638000
0.365114	17.632000
0.366391	17.619000
0.367667	17.586000
0.368944	17.599000
0.370221	17.593000
0.371497	17.638000
0.372774	17.645000
0.374051	17.632000
0.375327	17.586000
0.376604	17.593000
0.377880	17.579000
0.379157	17.573000
0.380434	17.579000
0.381710	17.612000
0.382987	17.579000
0.384264	17.579000
0.385540	17.579000
0.386817	17.579000
0.388093	17.566000
0.389370	17.586000
0.390647	17.599000
0.391923	17.573000
0.393200	17.546000
0.394477	17.539000
0.395753	17.533000
0.397030	17.533000
0.398306	17.546000
0.399583	17.553000
0.400860	17.539000
0.402136	17.559000
0.403413	17.559000
0.404690	17.546000
0.405966	17.526000
0.407243	17.526000
0.408519	17.526000
0.409796	17.512000
0.411073	17.505000
0.412349	17.512000
0.413626	17.526000
0.414903	17.553000
0.416179	17.498000
0.417456	17.498000
0.418732	17.492000
0.420009	17.512000
0.421286	17.471000
0.422562	17.485000
0.423839	17.498000
0.425116	17.512000
0.426392	17.464000
0.427669	17.485000
0.428945	17.492000
0.430222	17.492000
0.431499	17.505000
0.432775	17.553000
0.434052	17.505000
0.435329	17.478000
0.436605	17.478000
0.437882	17.498000
0.439158	17.498000
0.440435	17.498000
0.441712	17.457000
0.442988	17.512000
0.444265	17.485000
0.445541	17.450000
0.446818	17.457000
0.448095	17.478000
0.449371	17.464000
0.450648	17.464000
0.451925	17.464000
0.453201	17.471000
0.454478	17.443000
0.455754	17.421000
0.457031	17.407000
0.458308	17.443000
0.459584	17.457000
0.460861	17.492000
0.462138	17.443000
0.463414	17.478000
0.464691	17.450000
0.465967	17.450000
0.467244	17.400000
0.468521	17.400000
0.469797	17.414000
0.471074	17.457000
0.472351	17.457000
0.473627	17.436000
0.474904	17.400000
0.476180	17.414000
0.477457	17.414000
0.478734	17.443000
0.480010	17.464000
0.481287	17.464000
0.482564	17.429000
0.483840	17.421000
0.485117	17.421000
0.486393	17.450000
0.487670	17.436000
0.488947	17.436000
0.490223	17.436000
0.491500	17.429000
0.492777	17.364000
0.494053	17.371000
0.495330	17.371000
0.496606	17.378000
0.497883	17.371000
0.499160	17.393000
0.500436	17.400000
0.501713	17.407000
0.502990	17.407000
0.504266	17.414000
0.505543	17.393000
0.506819	17.421000
0.508096	17.400000
0.509373	17.414000
0.510649	17.393000
0.511926	17.407000
0.513203	17.414000
0.514479	17.393000
0.515756	17.349000
0.517032	17.342000
0.518309	17.371000
0.519586	17.364000
0.520862	17.364000
0.522139	17.393000
0.523416	17.386000
0.524692	17.400000
0.525969	17.371000
0.527245	17.364000
0.528522	17.356000
0.529799	17.386000
0.531075	17.349000
0.532352	17.356000
0.533628	17.334000
0.534905	17.342000
0.536182	17.334000
0.537458	17.334000
0.538735	17.327000
0.540012	17.364000
0.541288	17.327000
0.542565	17.342000
0.543841	17.319000
0.545118	17.327000
0.546395	17.327000
0.547671	17.342000
0.548948	17.342000
0.550225	17.356000
0.551501	17.334000
0.552778	17.371000
0.554054	17.356000
0.555331	17.349000
0.556608	17.312000
0.557884	17.327000
0.559161	17.304000
0.560438	17.327000
0.561714	17.274000
0.562991	17.289000
0.564267	17.259000
0.565544	17.304000
0.566821	17.297000
0.568097	17.304000
0.569374	17.334000
0.570651	17.342000
0.571927	17.312000
0.573204	17.327000
0.574480	17.319000
0.575757	17.319000
0.577034	17.319000
0.578310	17.327000
0.579587	17.289000
0.580864	17.282000
0.582140	17.297000
0.583417	17.319000
0.584693	17.327000
0.585970	17.327000
0.587247	17.289000
0.588523	17.312000
0.589800	17.267000
0.591077	17.289000
0.592353	17.312000
0.593630	17.289000
0.594906	17.297000
0.596183	17.289000
0.597460	17.289000
0.598736	17.274000
0.600013	17.267000
0.601290	17.304000
0.602566	17.282000
0.603843	17.297000
0.605119	17.297000
0.606396	17.304000
0.607673	17.312000
0.608949	17.304000
0.610226	17.274000
0.611503	17.267000
0.612779	17.236000
0.614056	17.319000
0.615332	17.297000
0.616609	17.289000
0.617886	17.244000
0.619162	17.244000
0.620439	17.251000
0.621715	17.267000
0.622992	17.259000
0.624269	17.251000
0.625545	17.220000
0.626822	17.259000
0.628099	17.267000
0.629375	17.289000
0.630652	17.251000
0.631928	17.259000
0.633205	17.251000
0.634482	17.236000
0.635758	17.212000
0.637035	17.197000
0.638312	17.197000
0.639588	17.251000
0.640865	17.228000
0.642141	17.220000
0.643418	17.251000
0.644695	17.251000
0.645971	17.212000
0.647248	17.236000
0.648525	17.251000
0.649801	17.304000
0.651078	17.282000
0.652354	17.282000
0.653631	17.289000
0.654908	17.282000
0.656184	17.205000
0.657461	17.212000
0.658738	17.212000
0.660014	17.244000
0.661291	17.212000
0.662567	17.220000
0.663844	17.197000
0.665121	17.244000
0.666397	17.244000
0.667674	17.251000
0.668951	17.236000
0.670227	17.236000
0.671504	17.236000
0.672780	17.267000
0.674057	17.228000
0.675334	17.228000
0.676610	17.220000
0.677887	17.251000
0.679164	17.228000
0.680440	17.236000
0.681717	17.212000
0.682993	17.197000
0.684270	17.165000
0.685547	17.173000
0.686823	17.197000
0.688100	17.205000
0.689377	17.181000
0.690653	17.181000
0.691930	17.173000
0.693206	17.189000
0.694483	17.189000
0.695760	17.212000
0.697036	17.181000
0.698313	17.181000
0.699590	17.165000
0.700866	17.181000
0.702143	17.181000
0.703419	17.181000
0.704696	17.212000
0.705973	17.197000
0.707249	17.181000
0.708526	17.189000
0.709802	17.197000
0.711079	17.236000
0.712356	17.189000
0.713632	17.197000
0.714909	17.197000
0.716186	17.212000
0.717462	17.205000
0.718739	17.220000
0.720015	17.205000
0.721292	17.205000
0.722569	17.189000
0.723845	17.197000
0.725122	17.189000
0.726399	17.197000
0.727675	17.181000
0.728952	17.189000
0.730228	17.189000
0.731505	17.220000
0.732782	17.189000
0.734058	17.165000
0.735335	17.141000
0.736612	17.197000
0.737888	17.157000
0.739165	17.157000
0.740441	17.157000
0.741718	17.173000
0.742995	17.149000
0.744271	17.173000
0.745548	17.173000
0.746825	17.212000
0.748101	17.173000
0.749378	17.157000
0.750654	17.197000
0.751931	17.197000
0.753208	17.157000
0.754484	17.165000
0.755761	17.173000
0.757038	17.173000
0.758314	17.141000
0.759591	17.157000
0.760867	17.141000
0.762144	17.165000
0.763421	17.165000
0.764697	17.181000
0.765974	17.189000
0.767251	17.181000
0.768527	17.124000
0.769804	17.100000
0.771080	17.083000
0.772357	17.141000
0.773634	17.165000
0.774910	17.149000
0.776187	17.133000
0.777464	17.141000
0.778740	17.157000
0.780017	17.165000
0.781293	17.141000
0.782570	17.149000
0.783847	17.133000
0.785123	17.116000
0.786400	17.083000
0.787677	17.091000
0.788953	17.108000
0.790230	17.165000
0.791506	17.181000
0.792783	17.181000
0.794060	17.141000
0.795336	17.173000
0.796613	17.165000
0.797889	17.149000
0.799166	17.100000
0.800443	17.141000
0.801719	17.149000
0.802996	17.124000
0.804273	17.091000
0.805549	17.124000
0.806826	17.116000
0.808102	17.141000
0.809379	17.149000
0.810656	17.181000
0.811932	17.141000
0.813209	17.141000
0.814486	17.108000
0.815762	17.149000
0.817039	17.124000
0.818315	17.149000
0.819592	17.116000
0.820869	17.124000
0.822145	17.091000
0.823422	17.108000
0.824699	17.133000
0.825975	17.149000
0.827252	17.173000
0.828528	17.141000
0.829805	17.116000
0.831082	17.133000
0.832358	17.108000
0.833635	17.116000
0.834912	17.075000
0.836188	17.108000
0.837465	17.124000
0.838741	17.116000
0.840018	17.083000
0.841295	17.108000
0.842571	17.141000
0.843848	17.149000
0.845125	17.133000
0.846401	17.124000
0.847678	17.091000
0.848954	17.100000
0.850231	17.124000
0.851508	17.124000
0.852784	17.058000
0.854061	17.083000
0.855338	17.050000
0.856614	17.033000
0.857891	17.007000
0.859167	17.041000
0.860444	17.033000
0.861721	17.066000
0.862997	17.075000
0.864274	17.116000
0.865551	17.075000
0.866827	17.058000
0.868104	17.058000
0.869380	17.116000
0.870657	17.108000
0.871934	17.083000
0.873210	17.050000
0.874487	17.075000
0.875764	17.075000
0.877040	17.091000
0.878317	17.083000
0.879593	17.066000
0.880870	17.075000
0.882147	17.100000
0.883423	17.075000
0.884700	17.100000
0.885976	17.091000
0.887253	17.100000
0.888530	17.066000
0.889806	17.083000
0.891083	17.091000
0.892360	17.124000
0.893636	17.075000
0.894913	17.116000
0.896189	17.108000
0.897466	17.100000
0.898743	17.091000
0.900019	17.075000
0.901296	17.066000
0.902573	17.083000
0.903849	17.066000
0.905126	17.058000
0.906402	17.075000
0.907679	17.091000
0.908956	17.116000
0.910232	17.108000
0.911509	17.091000
0.912786	17.108000
0.914062	17.108000
0.915339	17.133000
0.916615	17.124000
0.917892	17.108000
0.919169	17.033000
0.920445	17.058000
0.921722	17.058000
0.922999	17.083000
0.924275	17.066000
0.925552	17.116000
0.926828	17.075000
0.928105	17.058000
0.929382	17.050000
0.930658	17.075000
0.931935	17.066000
0.933212	17.083000
0.934488	17.108000
0.935765	17.091000
0.937041	17.091000
0.938318	17.100000
0.939595	17.058000
0.940871	17.050000
0.942148	17.050000
0.943425	17.050000
0.944701	17.058000
0.945978	17.083000
0.947254	17.058000
0.948531	17.050000
0.949808	17.058000
0.951084	17.066000
0.952361	17.091000
0.953638	17.108000
0.954914	17.091000
0.956191	17.058000
0.957467	17.033000
0.958744	17.075000
0.960021	17.058000
0.961297	17.058000
0.962574	17.058000
0.963851	17.075000
0.965127	17.075000
0.966404	17.058000
0.967680	17.033000
0.968957	17.033000
0.970234	17.050000
0.971510	17.058000
0.972787	16.990000
0.974063	17.024000
0.975340	17.016000
0.976617	17.050000
0.977893	17.058000
0.979170	17.075000
0.980447	17.050000
0.981723	17.033000
0.983000	17.033000
0.984276	17.024000
0.985553	17.033000
0.986830	17.075000
0.988106	17.058000
0.989383	17.066000
0.990660	17.016000
0.991936	17.041000
0.993213	17.024000
0.994489	17.016000
0.995766	17.016000
0.997043	17.024000
0.998319	16.998000
0.999596	17.016000
1.000873	17.041000
1.002149	17.083000
1.003426	17.066000
1.004702	17.075000
1.005979	17.058000
1.007256	17.024000
1.008532	17.016000
1.009809	17.033000
1.011086	17.050000
1.012362	17.041000
1.013639	17.016000
1.014915	17.066000
1.016192	17.024000
1.017469	17.007000
1.018745	16.990000
1.020022	16.998000
1.021299	17.016000
1.022575	16.998000
1.023852	16.946000
1.025128	16.990000
1.026405	17.024000
1.027682	16.998000
1.028958	16.998000
1.030235	17.016000
1.031512	16.998000
1.032788	17.016000
1.034065	16.998000
1.035341	17.016000
1.036618	17.016000
1.037895	17.024000
1.039171	17.007000
1.040448	16.990000
1.041725	16.937000
1.043001	16.963000
1.044278	16.963000
1.045554	16.963000
1.046831	17.016000
1.048108	17.050000
1.049384	16.998000
1.050661	16.998000
1.051938	16.990000
1.053214	16.998000
1.054491	16.946000
1.055767	16.981000
1.057044	16.955000
1.058321	16.972000
1.059597	16.946000
1.060874	17.024000
1.062150	16.972000
1.063427	30.187000
1.064704	33.043000
1.065980	33.460000
1.067257	33.460000
1.068534	33.460000
1.069810	33.460000
1.071087	33.460000
1.072363	33.460000
1.073640	33.460000
1.074917	33.460000
1.076193	33.460000
1.077470	32.811000
1.078747	31.632000
1.080023	30.359000
1.081300	29.078000
1.082576	27.811000
1.083853	23.237000
1.085130	22.100000
1.086406	21.228000
1.087683	20.586000
1.088960	20.127000
1.090236	19.790000
1.091513	19.550000
1.092789	19.358000
1.094066	19.219000
1.095343	19.091000
1.096619	18.986000
1.097896	18.873000
1.099173	18.779000
1.100449	18.674000
1.101726	18.584000
1.103002	18.490000
1.104279	18.415000
1.105556	18.342000
1.106832	18.295000
1.108109	18.247000
1.109386	18.227000
1.110662	18.192000
1.111939	18.182000
1.113215	18.157000
1.114492	18.142000
1.115769	18.106000
1.117045	18.080000
1.118322	18.027000
1.119599	17.988000
1.120875	17.927000
1.122152	17.882000
1.123428	17.823000
1.124705	17.788000
1.125982	17.739000
1.127258	17.714000
1.128535	17.683000
1.129812	17.676000
1.131088	17.657000
1.132365	17.657000
1.133641	17.638000
1.134918	17.632000
1.136195	17.606000
1.137471	17.593000
1.138748	17.553000
1.140025	17.533000
1.141301	17.492000
1.142578	17.464000
1.143854	17.421000
1.145131	17.400000
1.146408	17.364000
1.147684	17.349000
1.148961	17.319000
1.150237	17.319000
1.151514	17.297000
1.152791	17.289000
1.154067	17.267000
1.155344	17.267000
1.156621	17.236000
1.157897	17.228000
1.159174	17.197000
1.160450	17.181000
1.161727	17.141000
1.163004	17.133000
1.164280	17.091000
1.165557	17.083000
1.166834	17.050000
1.168110	17.041000
1.169387	17.007000
1.170663	16.998000
1.171940	16.972000
1.173217	16.972000
1.174493	16.946000
1.175770	16.937000
1.177047	16.910000
1.178323	16.910000
1.179600	16.865000
1.180876	16.865000
1.182153	16.827000
1.183430	16.809000
1.184706	16.780000
1.185983	16.761000
1.187260	16.732000
1.188536	16.732000
1.189813	16.702000
1.191089	16.702000
1.192366	16.672000
1.193643	16.672000
1.194919	16.642000
1.196196	16.632000
1.197473	16.590000
1.198749	16.590000
1.200026	16.559000
1.201302	16.548000
1.202579	16.505000
1.203856	16.505000
1.205132	16.472000
1.206409	16.472000
1.207686	16.439000
1.208962	16.439000
1.210239	16.405000
1.211515	16.405000
1.212792	16.382000
1.214069	16.371000
1.215345	16.348000
1.216622	16.336000
1.217899	16.312000
1.219175	16.312000
1.220452	16.264000
1.221728	16.276000
1.223005	16.240000
1.224282	16.240000
1.225558	16.203000
1.226835	16.203000
1.228112	16.165000
1.229388	16.178000
1.230665	16.139000
1.231941	16.152000
1.233218	16.114000
1.234495	16.127000
1.235771	16.087000
1.237048	16.087000
1.238324	16.048000
1.239601	16.061000
1.240878	16.021000
1.242154	16.034000
1.243431	15.993000
1.244708	15.979000
1.245984	15.952000
1.247261	15.966000
1.248537	15.923000
1.249814	15.938000
1.251091	15.895000
1.252367	15.909000
1.253644	15.880000
1.254921	15.880000
1.256197	15.851000
1.257474	15.851000
1.258750	15.807000
1.260027	15.807000
1.261304	15.761000
1.262580	15.777000
1.263857	15.746000
1.265134	15.746000
1.266410	15.715000
1.267687	15.731000
1.268963	15.684000
1.270240	15.684000
1.271517	15.652000
1.272793	15.668000
1.274070	15.619000
1.275347	15.636000
1.276623	15.586000
1.277900	15.603000
1.279176	15.553000
1.280453	15.570000
1.281730	15.519000
1.283006	15.536000
1.284283	15.502000
1.285560	15.502000
1.286836	15.467000
1.288113	15.467000
1.289389	15.432000
1.290666	15.450000
1.291943	15.396000
1.293219	15.414000
1.294496	15.378000
1.295773	15.378000
1.297049	15.341000
1.298326	15.359000
1.299602	15.322000
1.300879	15.341000
1.302156	15.265000
1.303432	15.303000
1.304709	15.246000
1.305986	15.265000
1.307262	15.227000
1.308539	15.227000
1.309815	15.187000
1.311092	15.207000
1.312369	15.167000
1.313645	15.187000
1.314922	15.147000
1.316199	15.167000
1.317475	15.127000
1.318752	15.127000
1.320028	15.085000
1.321305	15.127000
1.322582	15.064000
1.323858	15.085000
1.325135	15.043000
1.326412	15.064000
1.327688	15.022000
1.328965	15.043000
1.330241	14.987000
1.331518	15.000000
1.332795	14.958000
1.334071	14.978000
1.335348	14.936000
1.336624	14.958000
1.337901	14.918000
1.339178	14.934000
1.340454	14.877000
1.341731	14.932000
1.343008	14.854000
1.344284	14.889000
1.345561	14.831000
1.346837	14.847000
1.348114	14.812000
1.349391	14.821000
1.350667	14.762000
1.351944	14.793000
1.353221	14.737000
1.354497	14.764000
1.355774	14.717000
1.357050	14.742000
1.358327	14.700000
1.359604	14.717000
1.360880	14.665000
1.362157	14.695000
1.363434	14.634000
1.364710	14.660000
1.365987	14.606000
1.367263	14.632000
1.368540	14.590000
1.369817	14.608000
1.371093	14.556000
1.372370	14.588000
1.373647	14.529000
1.374923	14.550000
1.376200	14.513000
1.377476	14.537000
1.378753	14.488000
1.380030	14.513000
1.381306	14.441000
1.382583	14.483000
1.383860	14.427000
1.385136	14.463000
1.386413	14.395000
1.387689	14.421000
1.388966	14.378000
1.390243	14.404000
1.391519	14.361000
1.392796	14.387000
1.394073	14.326000
1.395349	14.358000
1.396626	14.302000
1.397902	14.334000
1.399179	14.281000
1.400456	14.317000
1.401732	14.250000
1.403009	14.296000
1.404286	14.232000
1.405562	14.268000
1.406839	14.207000
1.408115	14.244000
1.409392	14.191000
1.410669	14.213000
1.411945	14.169000
1.413222	14.185000
1.414499	14.127000
1.415775	14.163000
1.417052	14.111000
1.418328	14.159000
1.419605	14.098000
1.420882	14.114000
1.422158	14.055000
1.423435	14.104000
1.424711	14.027000
1.425988	14.081000
1.427265	14.010000
1.428541	14.055000
1.429818	13.983000
1.431095	14.027000
1.432371	13.944000
1.433648	13.993000
1.434924	13.934000
1.436201	13.990000
1.437478	13.920000
1.438754	13.944000
1.440031	13.880000
1.441308	13.923000
1.442584	13.851000
1.443861	13.920000
1.445137	13.847000
1.446414	13.887000
1.447691	13.810000
1.448967	13.858000
1.450244	13.798000
1.451521	13.836000
1.452797	13.760000
1.454074	13.810000
1.455350	13.741000
1.456627	13.798000
1.457904	13.718000
1.459180	13.760000
1.460457	13.698000
1.461734	13.753000
1.463010	13.670000
1.464287	13.741000
1.465563	13.646000
1.466840	13.710000
1.468117	13.630000
1.469393	13.678000
1.470670	13.605000
1.471947	13.662000
1.473223	13.592000
1.474500	13.642000
1.475776	13.563000
1.477053	13.621000
1.478330	13.534000
1.479606	13.584000
1.480883	13.521000
1.482160	13.563000
1.483436	13.499000
1.484713	13.567000
1.485989	13.469000
1.487266	13.538000
1.488543	13.438000
1.489819	13.499000
1.491096	13.442000
1.492373	13.486000
1.493649	13.402000
1.494926	13.464000
1.496202	13.388000
1.497479	13.442000
1.498756	13.374000
1.500032	13.415000
1.501309	13.328000
1.502586	13.402000
1.503862	13.290000
1.505139	13.406000
1.506415	13.290000
1.507692	13.397000
1.508969	13.276000
1.510245	13.337000
1.511522	13.261000
1.512798	13.309000
1.514075	13.217000
1.515352	13.295000
1.516628	13.202000
1.517905	13.266000
1.519182	13.162000
1.520458	13.227000
1.521735	13.142000
1.523011	13.237000
1.524288	13.127000
1.525565	13.217000
1.526841	13.106000
1.528118	13.182000
1.529395	13.085000
1.530671	13.152000
1.531948	13.074000
1.533224	13.132000
1.534501	13.037000
1.535778	13.137000
1.537054	13.021000
1.538331	13.101000
1.539608	12.999000
1.540884	13.064000
1.542161	12.994000
1.543437	13.064000
1.544714	12.961000
1.545991	13.064000
1.547267	12.927000
1.548544	13.032000
1.549821	12.927000
1.551097	12.988000
1.552374	12.905000
1.553650	12.961000
1.554927	12.870000
1.556204	12.961000
1.557480	12.835000
1.558757	12.916000
1.560034	12.847000
1.561310	12.893000
1.562587	12.823000
1.563863	12.893000
1.565140	12.782000
1.566417	12.893000
1.567693	12.751000
1.568970	12.870000
1.570247	12.782000
1.571523	12.823000
1.572800	12.739000
1.574076	12.805000
1.575353	12.727000
1.576630	12.794000
1.577906	12.702000
1.579183	12.788000
1.580460	12.657000
1.581736	12.745000
1.583013	12.683000
1.584289	12.757000
1.585566	12.612000
1.586843	12.745000
1.588119	12.573000
1.589396	12.720000
1.590673	12.553000
1.591949	12.689000
1.593226	12.579000
1.594502	12.664000
1.595779	12.553000
1.597056	12.632000
1.598332	12.519000
1.599609	12.625000
1.600885	12.505000
1.602162	12.579000
1.603439	12.478000
1.604715	12.573000
1.605992	12.450000
1.607269	12.566000
1.608545	12.421000
1.609822	12.546000
1.611098	12.421000
1.612375	12.498000
1.613652	12.407000
1.614928	12.492000
1.616205	12.386000
1.617482	12.464000
1.618758	12.364000
1.620035	12.505000
1.621311	12.334000
1.622588	12.436000
1.623865	12.342000
1.625141	12.436000
1.626418	12.282000
1.627695	12.421000
1.628971	12.274000
1.630248	12.414000
1.631524	12.274000
1.632801	12.378000
1.634078	12.267000
1.635354	12.342000
1.636631	12.228000
1.637908	12.356000
1.639184	12.236000
1.640461	12.356000
1.641737	12.173000
1.643014	12.312000
1.644291	12.197000
1.645567	12.282000
1.646844	12.141000
1.648121	12.282000
1.649397	12.108000
1.650674	12.267000
1.651950	12.091000
1.653227	12.220000
1.654504	12.091000
1.655780	12.228000
1.657057	12.075000
1.658334	12.189000
1.659610	12.058000
1.660887	12.181000
1.662163	12.007000
1.663440	12.116000
1.664717	12.016000
1.665993	12.124000
1.667270	11.963000
1.668547	12.149000
1.669823	11.946000
1.671100	12.133000
1.672376	11.963000
1.673653	12.050000
1.674930	11.990000
1.676206	12.066000
1.677483	11.928000
1.678760	12.033000
1.680036	11.910000
1.681313	12.033000
1.682589	11.901000
1.683866	12.016000
1.685143	11.837000
1.686419	11.972000
1.687696	11.818000
1.688972	12.024000
1.690249	11.827000
1.691526	11.972000
1.692802	11.846000
1.694079	11.946000
1.695356	11.809000
1.696632	11.928000
1.697909	11.761000
1.699185	11.892000
1.700462	11.742000
1.701739	11.874000
1.703015	11.732000
1.704292	11.874000
1.705569	11.742000
1.706845	11.892000
1.708122	11.682000
1.709398	11.865000
1.710675	11.672000
1.711952	11.837000
1.713228	11.642000
1.714505	11.751000
1.715782	11.672000
1.717058	11.780000
1.718335	11.642000
1.719611	11.780000
1.720888	11.527000
1.722165	11.732000
1.723441	11.590000
1.724718	11.732000
1.725995	11.590000
1.727271	11.761000
1.728548	11.537000
1.729824	11.751000
1.731101	11.537000
1.732378	11.722000
1.733654	11.537000
1.734931	11.682000
1.736208	11.527000
1.737484	11.621000
1.738761	11.494000
1.740037	11.692000
1.741314	11.472000
1.742591	11.611000
1.743867	11.461000
1.745144	11.569000
1.746421	11.439000
1.747697	11.601000
1.748974	11.394000
1.750250	11.569000
1.751527	11.324000
1.752804	11.611000
1.754080	11.394000
1.755357	11.559000
1.756634	11.359000
1.757910	11.537000
1.759187	11.359000
1.760463	11.505000
1.761740	11.324000
1.763017	11.494000
1.764293	11.359000
1.765570	11.461000
1.766847	11.312000
1.768123	11.461000
1.769400	11.276000
1.770676	11.527000
1.771953	11.264000
1.773230	11.439000
1.774506	11.203000
1.775783	11.450000
1.777059	11.264000
1.778336	11.382000
1.779613	11.152000
1.780889	11.394000
1.782166	11.228000
1.783443	11.405000
1.784719	11.165000
1.785996	11.359000
1.787272	11.178000
1.788549	11.336000
1.789826	11.139000
1.791102	11.394000
1.792379	11.074000
1.793656	11.348000
1.794932	11.114000
1.796209	11.312000
1.797485	11.152000
1.798762	11.336000
1.800039	11.087000
1.801315	11.264000
1.802592	11.087000
1.803869	11.264000
1.805145	11.021000
1.806422	11.228000
1.807698	11.061000
1.808975	11.240000
1.810252	10.966000
1.811528	11.203000
1.812805	10.952000
1.814082	11.190000
1.815358	11.034000
1.816635	11.152000
1.817911	10.909000
1.819188	11.114000
1.820465	10.895000
1.821741	11.165000
1.823018	10.952000
1.824295	11.101000
1.825571	10.866000
1.826848	11.048000
1.828124	10.880000
1.829401	11.114000
1.830678	10.792000
1.831954	11.114000
1.833231	10.761000
1.834508	11.178000
1.835784	10.822000
1.837061	11.021000
1.838337	10.822000
1.839614	11.034000
1.840891	10.792000
1.842167	11.034000
1.843444	10.851000
1.844721	10.993000
1.845997	10.837000
1.847274	11.034000
1.848550	10.777000
1.849827	10.952000
1.851104	10.792000
1.852380	11.034000
1.853657	10.684000
1.854934	10.952000
1.856210	10.777000
1.857487	10.966000
1.858763	10.684000
1.860040	10.895000
1.861317	10.715000
1.862593	10.880000
1.863870	10.684000
1.865146	10.952000
1.866423	10.684000
1.867700	10.909000
1.868976	10.652000
1.870253	10.866000
1.871530	10.502000
1.872806	10.880000
1.874083	10.603000
1.875359	10.866000
1.876636	10.619000
1.877913	10.792000
1.879189	10.586000
1.880466	10.807000
1.881743	10.603000
1.883019	10.837000
1.884296	10.536000
1.885572	10.807000
1.886849	10.570000
1.888126	10.761000
1.889402	10.536000
1.890679	10.731000
1.891956	10.502000
1.893232	10.746000
1.894509	10.502000
1.895785	10.822000
1.897062	10.485000
1.898339	10.731000
1.899615	10.502000
1.900892	10.699000
1.902169	10.450000
1.903445	10.684000
1.904722	10.467000
1.905998	10.777000
1.907275	10.414000
1.908552	10.636000
1.909828	10.396000
1.911105	10.715000
1.912382	10.396000
1.913658	10.668000
1.914935	10.322000
1.916211	10.699000
1.917488	10.396000
1.918765	10.570000
1.920041	10.322000
1.921318	10.553000
1.922595	10.265000
1.923871	10.553000
1.925148	10.303000
1.926424	10.570000
1.927701	10.246000
1.928978	10.519000
1.930254	10.207000
1.931531	10.536000
1.932808	10.322000
1.934084	10.519000
1.935361	10.147000
1.936637	10.553000
1.937914	10.265000
1.939191	10.502000
1.940467	10.246000
1.941744	10.485000
1.943021	10.227000
1.944297	10.485000
1.945574	10.167000
1.946850	10.450000
1.948127	10.187000
1.949404	10.378000
1.950680	10.187000
1.951957	10.467000
1.953233	10.043000
1.954510	10.450000
1.955787	10.022000
1.957063	10.396000
1.958340	10.147000
1.959617	10.396000
1.960893	10.167000
1.962170	10.414000
1.963446	10.127000
1.964723	10.341000
1.966000	10.147000
1.967276	10.341000
1.968553	10.064000
1.969830	10.322000
1.971106	9.978000
1.972383	10.246000
1.973659	10.000000
1.974936	10.414000
1.976213	10.000000
1.977489	10.285000
1.978766	10.000000
1.980043	10.246000
1.981319	10.022000
1.982596	10.303000
1.983872	9.956000
1.985149	10.285000
1.986426	9.956000
1.987702	10.285000
1.988979	9.889000
1.990256	10.227000
1.991532	9.978000
1.992809	10.265000
1.994085	9.795000
1.995362	10.246000
1.996639	9.698000
1.997915	10.265000
1.999192	9.889000
2.000469	10.167000
2.001745	9.911000
2.003022	10.167000
2.004298	9.819000
2.005575	10.207000
2.006852	9.819000
2.008128	10.085000
2.009405	9.911000
2.010682	10.085000
2.011958	9.866000
2.013235	10.106000
2.014511	9.722000
2.015788	10.167000
2.017065	9.771000
2.018341	10.207000
2.019618	9.889000
2.020895	10.064000
2.022171	9.771000
2.023448	10.106000
2.024724	9.722000
2.026001	10.106000
2.027278	9.698000
2.028554	10.043000
2.029831	9.722000
2.031108	10.000000
2.032384	9.698000
2.033661	10.064000
2.034937	9.647000
2.036214	10.064000
2.037491	9.515000
2.038767	10.147000
2.040044	9.595000
2.041320	10.064000
2.042597	9.771000
2.043874	10.000000
2.045150	9.569000
2.046427	9.911000
2.047704	9.647000
2.048980	10.000000
2.050257	9.672000
2.051533	9.866000
2.052810	9.647000
2.054087	9.956000
2.055363	9.460000
2.056640	9.911000
2.057917	9.515000
2.059193	9.911000
2.060470	9.595000
2.061746	9.911000
2.063023	9.595000
2.064300	9.934000
2.065576	9.569000
2.066853	9.934000
2.068130	9.569000
2.069406	9.842000
2.070683	9.569000
2.071959	9.911000
2.073236	9.569000
2.074513	9.889000
2.075789	9.287000
2.077066	9.911000
2.078343	9.404000
2.079619	9.911000
2.080896	9.515000
2.082172	9.771000
2.083449	9.488000
2.084726	9.819000
2.086002	9.404000
2.087279	9.934000
2.088556	9.404000
2.089832	9.795000
2.091109	9.460000
2.092385	9.819000
2.093662	9.375000
2.094939	9.747000
2.096215	9.317000
2.097492	9.771000
2.098769	9.346000
2.100045	9.698000
2.101322	9.375000
2.102598	9.771000
2.103875	9.375000
2.105152	9.672000
2.106428	9.194000
2.107705	9.771000
2.108982	9.404000
2.110258	9.842000
2.111535	9.256000
2.112811	9.698000
2.114088	9.317000
2.115365	9.647000
2.116641	9.163000
2.117918	9.771000
2.119195	9.163000
2.120471	9.771000
2.121748	9.225000
2.123024	9.647000
2.124301	9.595000
2.125578	10.432000
2.126854	18.207000
2.128131	20.322000
2.129407	21.955000
2.130684	22.546000
2.131961	22.788000
2.133237	23.053000
2.134514	23.328000
2.135791	23.525000
2.137067	23.658000
2.138344	23.749000
2.139620	23.621000
2.140897	23.342000
2.142174	21.963000
2.143450	20.000000
2.144727	17.939000
2.146004	16.021000
2.147280	14.314000
2.148557	13.032000
2.149833	11.946000
2.151110	11.461000
2.152387	10.761000
2.153663	10.668000
2.154940	10.207000
2.156217	10.285000
2.157493	9.647000
2.158770	10.227000
2.160046	9.488000
2.161323	10.022000
2.162600	9.569000
2.163876	9.771000
2.165153	9.542000
2.166430	9.795000
2.167706	9.256000
2.168983	9.747000
2.170259	9.225000
2.171536	9.621000
2.172813	9.130000
2.174089	9.621000
2.175366	9.225000
2.176643	9.515000
2.177919	8.997000
2.179196	9.515000
2.180472	9.031000
2.181749	9.621000
2.183026	8.997000
2.184302	9.404000
2.185579	9.098000
2.186856	9.460000
2.188132	8.927000
2.189409	9.346000
2.190685	8.662000
2.191962	9.287000
2.193239	8.779000
2.194515	9.287000
2.195792	8.662000
2.197069	9.163000
2.198345	8.702000
2.199622	9.194000
2.200898	8.406000
2.202175	9.130000
2.203452	8.621000
2.204728	9.194000
2.206005	8.702000
2.207282	9.194000
2.208558	8.406000
2.209835	9.031000
2.211111	8.217000
2.212388	9.065000
2.213665	8.621000
2.214941	8.891000
2.216218	8.451000
2.217494	8.962000
2.218771	8.217000
2.220048	9.031000
2.221324	8.360000
2.222601	8.997000
2.223878	8.167000
2.225154	8.891000
2.226431	8.360000
2.227707	8.891000
2.228984	8.010000
2.230261	8.817000
2.231537	8.217000
2.232814	8.817000
2.234091	8.217000
2.235367	8.662000
2.236644	8.116000
2.237920	8.817000
2.239197	8.064000
2.240474	8.997000
2.241750	7.841000
2.243027	8.891000
2.244304	8.010000
2.245580	8.702000
2.246857	8.116000
2.248133	8.702000
2.249410	7.841000
2.250687	8.495000
2.251963	8.116000
2.253240	8.702000
2.254517	8.064000
2.255793	8.621000
2.257070	7.782000
2.258346	8.621000
2.259623	7.782000
2.260900	8.662000
2.262176	7.720000
2.263453	8.741000
2.264730	7.782000
2.266006	8.360000
2.267283	7.899000
2.268559	8.538000
2.269836	7.657000
2.271113	8.495000
2.272389	7.782000
2.273666	8.495000
2.274943	7.526000
2.276219	8.495000
2.277496	7.657000
2.278772	8.406000
2.280049	7.593000
2.281326	8.538000
2.282602	7.526000
2.283879	8.451000
2.285156	7.593000
2.286432	8.451000
2.287709	7.657000
2.288985	8.360000
2.290262	7.593000
2.291539	8.406000
2.292815	7.593000
2.294092	8.495000
2.295369	7.386000
2.296645	8.451000
2.297922	7.841000
2.299198	8.314000
2.300475	7.236000
2.301752	8.406000
2.303028	7.457000
2.304305	8.451000
2.305581	7.386000
2.306858	8.360000
2.308135	7.526000
2.309411	8.360000
2.310688	7.236000
2.311965	8.451000
2.313241	7.312000
2.314518	8.451000
2.315794	7.657000
2.317071	8.217000
2.318348	7.657000
2.319624	8.116000
2.320901	6.809000
2.322178	8.538000
2.323454	6.990000
2.324731	8.406000
2.326007	7.236000
2.327284	8.360000
2.328561	7.312000
2.329837	7.899000
2.331114	7.236000
2.332391	8.167000
2.333667	7.075000
2.334944	8.167000
2.336220	7.386000
2.337497	8.266000
2.338774	7.236000
2.340050	8.266000
2.341327	7.236000
2.342604	8.266000
2.343880	6.990000
2.345157	8.217000
2.346433	7.236000
2.347710	8.266000
2.348987	7.457000
2.350263	8.360000
2.351540	7.075000
2.352817	8.010000
2.354093	7.157000
2.355370	8.010000
2.356646	6.901000
2.357923	8.116000
2.359200	7.526000
2.360476	8.116000
2.361753	6.809000
2.363030	8.167000
2.364306	6.990000
2.365583	8.064000
2.366859	7.157000
2.368136	8.064000
2.369413	7.386000
2.370689	8.167000
2.371966	7.236000
2.373243	8.116000
2.374519	6.809000
2.375796	8.217000
2.377072	7.312000
2.378349	8.064000
2.379626	7.386000
2.380902	8.064000
2.382179	7.157000
2.383456	8.116000
2.384732	7.075000
2.386009	8.266000
2.387285	6.990000
2.388562	8.010000
2.389839	7.236000
2.391115	8.116000
2.392392	6.901000
2.393668	8.116000
2.394945	7.236000
2.396222	8.064000
2.397498	6.901000
2.398775	8.010000
2.400052	6.990000
2.401328	8.217000
2.402605	6.712000
2.403881	8.314000
2.405158	6.901000
2.406435	8.266000
2.407711	6.809000
2.408988	8.010000
2.410265	7.157000
2.411541	8.167000
2.412818	7.075000
2.414094	8.010000
2.415371	6.990000
2.416648	8.010000
2.417924	7.075000
2.419201	8.064000
2.420478	7.075000
2.421754	7.841000
2.423031	6.809000
2.424307	8.314000
2.425584	6.712000
2.426861	8.064000
2.428137	6.809000
2.429414	7.841000
2.430691	7.075000
2.431967	8.010000
2.433244	6.712000
2.434520	8.010000
2.435797	6.809000
2.437074	7.899000
2.438350	7.075000
2.439627	7.899000
2.440904	7.157000
2.442180	7.841000
2.443457	6.505000
2.444733	8.167000
2.446010	6.712000
2.447287	8.167000
2.448563	6.809000
2.449840	8.010000
2.451117	7.157000
2.452393	7.841000
2.453670	6.505000
2.454946	7.841000
2.456223	6.901000
2.457500	7.955000
2.458776	6.611000
2.460053	7.657000
2.461330	6.809000
2.462606	8.010000
2.463883	6.611000
2.465159	8.010000
2.466436	6.394000
2.467713	8.064000
2.468989	6.990000
2.470266	7.782000
2.471543	6.712000
2.472819	7.955000
2.474096	6.611000
2.475372	8.064000
2.476649	7.075000
2.477926	7.955000
2.479202	6.809000
2.480479	7.782000
2.481755	6.990000
2.483032	7.782000
2.484309	5.396000
2.485585	8.167000
2.486862	6.021000
2.488139	8.167000
2.489415	6.611000
2.490692	7.657000
2.491968	6.809000
2.493245	7.657000
2.494522	6.394000
2.495798	7.841000
2.497075	6.712000
2.498352	7.782000
2.499628	6.611000
2.500905	7.657000
2.502181	6.611000
2.503458	7.782000
2.504735	6.505000
2.506011	7.955000
2.507288	6.021000
2.508565	7.841000
2.509841	6.901000
2.511118	7.955000
2.512394	6.394000
2.513671	7.782000
2.514948	6.394000
2.516224	7.657000
2.517501	6.152000
2.518778	7.899000
2.520054	6.611000
2.521331	7.657000
2.522607	6.901000
2.523884	7.720000
2.525161	5.880000
2.526437	7.782000
2.527714	6.276000
2.528991	7.782000
2.530267	6.152000
2.531544	7.720000
2.532820	6.611000
2.534097	7.782000
2.535374	6.505000
2.536650	7.841000
2.537927	6.394000
2.539204	7.899000
2.540480	6.505000
2.541757	7.657000
2.543033	6.611000
2.544310	7.899000
2.545587	6.611000
2.546863	7.841000
2.548140	5.570000
2.549417	7.720000
2.550693	6.990000
2.551970	7.841000
2.553246	6.611000
2.554523	7.720000
2.555800	6.611000
2.557076	7.657000
2.558353	6.505000
2.559630	7.526000
2.560906	6.611000
2.562183	7.526000
2.563459	6.712000
2.564736	7.841000
2.566013	6.152000
2.567289	7.720000
2.568566	6.021000
2.569842	7.899000
2.571119	6.021000
2.572396	7.657000
2.573672	6.276000
2.574949	7.782000
2.576226	6.152000
2.577502	7.955000
2.578779	6.276000
2.580055	7.657000
2.581332	6.505000
2.582609	7.720000
2.583885	6.712000
2.585162	7.593000
2.586439	6.152000
2.587715	7.720000
2.588992	6.021000
2.590268	7.657000
2.591545	5.880000
2.592822	7.657000
2.594098	6.394000
2.595375	7.720000
2.596652	6.394000
2.597928	7.782000
2.599205	5.880000
2.600481	7.657000
2.601758	6.276000
2.603035	7.841000
2.604311	6.021000
2.605588	7.720000
2.606865	5.880000
2.608141	7.657000
2.609418	5.880000
2.610694	7.720000
2.611971	6.152000
2.613248	7.312000
2.614524	6.611000
2.615801	7.899000
2.617078	6.152000
2.618354	7.593000
2.619631	6.021000
2.620907	7.526000
2.622184	6.505000
2.623461	7.841000
2.624737	6.505000
2.626014	7.386000
2.627291	6.021000
2.628567	7.593000
2.629844	6.021000
2.631120	7.782000
2.632397	6.276000
2.633674	7.526000
2.634950	6.611000
2.636227	7.526000
2.637504	6.152000
2.638780	7.657000
2.640057	5.731000
2.641333	7.720000
2.642610	6.021000
2.643887	7.526000
2.645163	5.880000
2.646440	7.593000
2.647717	5.731000
2.648993	7.657000
2.650270	6.021000
2.651546	7.593000
2.652823	5.396000
2.654100	7.386000
2.655376	6.394000
2.656653	7.593000
2.657929	5.731000
2.659206	7.593000
2.660483	6.021000
2.661759	7.593000
2.663036	6.276000
2.664313	7.386000
2.665589	6.021000
2.666866	7.657000
2.668142	6.021000
2.669419	7.386000
2.670696	5.396000
2.671972	7.526000
2.673249	5.880000
2.674526	7.593000
2.675802	6.021000
2.677079	7.526000
2.678355	5.731000
2.679632	7.526000
2.680909	5.880000
2.682185	7.457000
2.683462	6.152000
2.684739	7.457000
2.686015	6.152000
2.687292	7.720000
2.688568	5.570000
2.689845	7.657000
2.691122	6.152000
2.692398	7.657000
2.693675	6.152000
2.694952	7.720000
2.696228	6.394000
2.697505	7.312000
2.698781	5.207000
2.700058	7.593000
2.701335	6.276000
2.702611	7.386000
2.703888	5.880000
2.705165	7.386000
2.706441	6.394000
2.707718	7.526000
2.708994	6.021000
2.710271	7.457000
2.711548	5.731000
2.712824	7.457000
2.714101	6.021000
2.715378	7.457000
2.716654	5.570000
2.717931	7.236000
2.719207	5.570000
2.720484	7.312000
2.721761	5.731000
2.723037	7.457000
2.724314	5.880000
2.725591	7.312000
2.726867	5.570000
2.728144	7.526000
2.729420	5.396000
2.730697	7.720000
2.731974	5.880000
2.733250	7.720000
2.734527	5.880000
2.735804	7.526000
2.737080	6.276000
2.738357	7.312000
2.739633	5.570000
2.740910	7.312000
2.742187	6.276000
2.743463	7.457000
2.744740	5.396000
2.746016	7.312000
2.747293	6.021000
2.748570	7.236000
2.749846	5.000000
2.751123	7.312000
2.752400	5.880000
2.753676	7.526000
2.754953	5.880000
2.756229	7.386000
2.757506	6.505000
2.758783	7.157000
2.760059	5.731000
2.761336	7.386000
2.762613	5.880000
2.763889	7.386000
2.765166	4.771000
2.766442	7.312000
2.767719	5.731000
2.768996	7.312000
2.770272	5.570000
2.771549	7.526000
2.772826	5.396000
2.774102	7.593000
2.775379	6.021000
2.776655	7.075000
2.777932	6.152000
2.779209	7.236000
2.780485	5.731000
2.781762	7.593000
2.783039	6.152000
2.784315	7.386000
2.785592	5.207000
2.786868	7.312000
2.788145	6.021000
2.789422	6.901000
2.790698	5.570000
2.791975	7.457000
2.793252	5.396000
2.794528	7.457000
2.795805	5.207000
2.797081	7.386000
2.798358	6.276000
2.799635	7.312000
2.800911	5.207000
2.802188	7.075000
2.803465	5.396000
2.804741	7.457000
2.806018	5.396000
2.807294	7.075000
2.808571	6.021000
2.809848	7.312000
2.811124	5.731000
2.812401	7.955000
2.813678	4.225000
2.814954	7.312000
2.816231	5.570000
2.817507	7.386000
2.818784	5.570000
2.820061	6.990000
2.821337	5.396000
2.822614	7.593000
2.823891	5.396000
2.825167	7.236000
2.826444	5.396000
2.827720	7.236000
2.828997	5.396000
2.830274	7.075000
2.831550	5.207000
2.832827	7.386000
2.834103	5.396000
2.835380	7.157000
2.836657	5.207000
2.837933	7.236000
2.839210	6.276000
2.840487	7.312000
2.841763	5.570000
2.843040	7.157000
2.844316	5.396000
2.845593	7.075000
2.846870	5.570000
2.848146	7.386000
2.849423	5.000000
2.850700	6.712000
2.851976	4.225000
2.853253	7.386000
2.854529	4.771000
2.855806	7.386000
2.857083	5.396000
2.858359	7.457000
2.859636	5.570000
2.860913	7.157000
2.862189	5.396000
2.863466	6.901000
2.864742	5.731000
2.866019	7.386000
2.867296	5.396000
2.868572	6.901000
2.869849	5.207000
2.871126	7.236000
2.872402	4.515000
2.873679	6.990000
2.874955	5.207000
2.876232	7.236000
2.877509	5.570000
2.878785	7.157000
2.880062	6.152000
2.881339	7.157000
2.882615	5.396000
2.883892	6.990000
2.885168	5.396000
2.886445	7.312000
2.887722	5.396000
2.888998	6.990000
2.890275	3.891000
2.891552	7.075000
2.892828	4.225000
2.894105	7.457000
2.895381	4.225000
2.896658	7.157000
2.897935	4.771000
2.899211	7.157000
2.900488	5.731000
2.901765	7.157000
2.903041	5.207000
2.904318	7.075000
2.905594	5.207000
2.906871	6.901000
2.908148	5.000000
2.909424	6.990000
2.910701	5.000000
2.911978	6.505000
2.913254	4.771000
2.914531	7.312000
2.915807	5.731000
2.917084	7.075000
2.918361	4.515000
2.919637	6.901000
2.920914	5.396000
2.922190	7.157000
2.923467	5.570000
2.924744	7.236000
2.926020	4.771000
2.927297	6.901000
2.928574	5.000000
2.929850	6.990000
2.931127	5.396000
2.932403	6.990000
2.933680	3.891000
2.934957	7.526000
2.936233	4.515000
2.937510	7.386000
2.938787	4.515000
2.940063	6.901000
2.941340	5.731000
2.942616	7.157000
2.943893	5.570000
2.945170	7.075000
2.946446	5.000000
2.947723	6.712000
2.949000	5.570000
2.950276	7.075000
2.951553	5.570000
2.952829	6.901000
2.954106	3.891000
2.955383	7.236000
2.956659	4.515000
2.957936	7.157000
2.959213	5.396000
2.960489	6.809000
2.961766	5.396000
2.963042	6.809000
2.964319	5.000000
2.965596	6.901000
2.966872	5.731000
2.968149	6.712000
2.969426	5.207000
2.970702	7.075000
2.971979	4.771000
2.973255	6.990000
2.974532	3.495000
2.975809	7.312000
2.977085	4.225000
2.978362	7.312000
2.979639	5.207000
2.980915	6.712000
2.982192	5.570000
2.983468	6.990000
2.984745	5.000000
2.986022	6.901000
2.987298	3.891000
2.988575	6.809000
2.989852	4.771000
2.991128	6.394000
2.992405	4.515000
2.993681	7.157000
2.994958	4.771000
2.996235	7.157000
2.997511	4.225000
2.998788	7.157000
3.000065	5.570000
3.001341	7.157000
3.002618	5.207000
3.003894	6.809000
3.005171	5.207000
3.006448	7.075000
3.007724	4.515000
3.009001	6.611000
3.010277	5.396000
3.011554	6.990000
3.012831	5.396000
3.014107	6.809000
3.015384	4.225000
3.016661	7.236000
3.017937	4.515000
3.019214	7.157000
3.020490	4.771000
3.021767	6.901000
3.023044	4.771000
3.024320	6.809000
3.025597	5.000000
3.026874	6.990000
3.028150	4.225000
3.029427	6.712000
3.030703	5.570000
3.031980	6.990000
3.033257	5.207000
3.034533	6.712000
3.035810	4.225000
3.037087	7.157000
3.038363	4.515000
3.039640	6.611000
3.040916	4.515000
3.042193	6.611000
3.043470	5.880000
3.044746	6.901000
3.046023	3.495000
3.047300	6.990000
3.048576	5.396000
3.049853	6.809000
3.051129	4.771000
3.052406	7.075000
3.053683	5.731000
3.054959	6.505000
3.056236	4.225000
3.057513	6.990000
3.058789	0.000000
3.060066	6.901000
3.061342	3.891000
3.062619	6.809000
3.063896	5.396000
3.065172	6.712000
3.066449	4.771000
3.067726	7.157000
3.069002	4.771000
3.070279	6.901000
3.071555	3.891000
3.072832	6.394000
3.074109	5.396000
3.075385	6.990000
3.076662	3.495000
3.077939	6.901000
3.079215	4.771000
3.080492	6.611000
3.081768	4.515000
3.083045	6.712000
3.084322	3.891000
3.085598	6.505000
3.086875	3.495000
3.088152	6.611000
3.089428	4.771000
3.090705	7.075000
3.091981	4.225000
3.093258	6.809000
3.094535	5.000000
3.095811	7.075000
3.097088	3.495000
3.098364	6.990000
3.099641	3.010000
3.100918	6.990000
3.102194	4.771000
3.103471	6.901000
3.104748	4.515000
3.106024	6.394000
3.107301	4.515000
3.108577	6.712000
3.109854	4.515000
3.111131	6.809000
3.112407	4.515000
3.113684	6.505000
3.114961	4.225000
3.116237	6.611000
3.117514	4.225000
3.118790	6.990000
3.120067	4.515000
3.121344	6.990000
3.122620	4.771000
3.123897	6.809000
3.125174	4.515000
3.126450	6.809000
3.127727	5.000000
3.129003	6.394000
3.130280	4.515000
3.131557	6.901000
3.132833	4.515000
3.134110	6.394000
3.135387	4.515000
3.136663	6.901000
3.137940	3.891000
3.139216	7.457000
3.140493	0.000000
3.141770	7.236000
3.143046	3.891000
3.144323	6.712000
3.145600	4.515000
3.146876	6.712000
3.148153	3.010000
3.149429	6.394000
3.150706	5.207000
3.151983	6.809000
3.153259	4.515000
3.154536	6.809000
3.155813	5.000000
3.157089	6.712000
3.158366	3.495000
3.159642	6.990000
3.160919	4.515000
3.162196	6.712000
3.163472	4.225000
3.164749	6.990000
3.166026	4.771000
3.167302	6.276000
3.168579	4.515000
3.169855	6.901000
3.171132	4.225000
3.172409	6.712000
3.173685	3.010000
3.174962	6.809000
3.176239	4.515000
3.177515	6.809000
3.178792	3.010000
3.180068	6.809000
3.181345	1.505000
3.182622	7.075000
3.183898	4.771000
3.185175	6.611000
3.186451	4.225000
3.187728	6.276000
3.189005	4.225000
3.190281	6.901000
3.191558	5.731000
3.192835	7.899000
3.194111	7.236000
3.195388	8.064000
3.196664	7.657000
3.197941	8.580000
3.199218	7.720000
3.200494	8.702000
3.201771	8.495000
3.203048	9.031000
3.204324	8.266000
3.205601	8.741000
3.206877	7.157000
3.208154	7.386000
3.209431	4.771000
3.210707	6.901000
3.211984	3.010000
3.213261	6.505000
3.214537	3.495000
3.215814	6.712000
3.217090	4.771000
3.218367	6.901000
3.219644	2.386000
3.220920	6.809000
3.222197	3.010000
3.223474	6.901000
3.224750	3.495000
3.226027	6.712000
3.227303	3.891000
3.228580	6.505000
3.229857	3.495000
3.231133	7.075000
3.232410	4.771000
3.233687	6.712000
3.234963	4.771000
3.236240	6.611000
3.237516	3.010000
3.238793	6.394000
3.240070	3.010000
3.241346	6.990000
3.242623	4.771000
3.243900	6.505000
3.245176	1.505000
3.246453	6.611000
3.247729	4.225000
3.249006	6.901000
3.250283	3.495000
3.251559	6.394000
3.252836	4.225000
3.254113	6.809000
3.255389	4.771000
3.256666	6.394000
3.257942	2.386000
3.259219	6.611000
3.260496	3.891000
3.261772	6.505000
3.263049	3.495000
3.264326	6.809000
3.265602	3.010000
3.266879	6.611000
3.268155	4.225000
3.269432	6.611000
3.270709	1.505000
3.271985	6.394000
3.273262	1.505000
3.274538	6.394000
3.275815	4.515000
3.277092	6.394000
3.278368	2.386000
3.279645	6.394000
3.280922	4.225000
3.282198	6.809000
3.283475	3.010000
3.284751	6.611000
3.286028	2.386000
3.287305	6.152000
3.288581	4.225000
3.289858	6.152000
3.291135	3.495000
3.292411	6.611000
3.293688	3.891000
3.294964	6.809000
3.296241	3.495000
3.297518	6.611000
3.298794	3.010000
3.300071	6.394000
3.301348	1.505000
3.302624	7.157000
3.303901	1.505000
3.305177	6.990000
3.306454	3.891000
3.307731	6.712000
3.309007	4.225000
3.310284	6.152000
3.311561	0.000000
3.312837	6.394000
3.314114	3.891000
3.315390	6.394000
3.316667	2.386000
3.317944	6.276000
3.319220	1.505000
3.320497	6.611000
3.321774	2.386000
3.323050	6.611000
3.324327	4.771000
3.325603	6.809000
3.326880	3.010000
3.328157	6.021000
3.329433	4.225000
3.330710	6.901000
3.331987	3.891000
3.333263	6.901000
3.334540	1.505000
3.335816	6.276000
3.337093	3.010000
3.338370	6.152000
3.339646	2.386000
3.340923	6.394000
3.342200	3.495000
3.343476	6.809000
3.344753	1.505000
3.346029	6.505000
3.347306	3.010000
3.348583	6.276000
3.349859	3.891000
3.351136	6.394000
3.352413	4.515000
3.353689	6.505000
3.354966	0.000000
3.356242	6.505000
3.357519	3.891000
3.358796	6.394000
3.360072	4.225000
3.361349	6.505000
3.362625	3.010000
3.363902	6.505000
3.365179	3.010000
3.366455	6.611000
3.367732	3.495000
3.369009	6.611000
3.370285	2.386000
3.371562	6.712000
3.372838	3.891000
3.374115	6.901000
3.375392	3.891000
3.376668	6.611000
3.377945	3.010000
3.379222	6.021000
3.380498	4.225000
3.381775	6.276000
3.383051	1.505000
3.384328	6.712000
3.385605	0.000000
3.386881	6.809000
3.388158	3.495000
3.389435	6.394000
3.390711	3.010000
3.391988	6.394000
3.393264	5.207000
3.394541	6.152000
3.395818	0.000000
3.397094	6.505000
3.398371	1.505000
3.399648	6.152000
3.400924	4.515000
3.402201	6.505000
3.403477	3.010000
3.404754	6.505000
3.406031	4.225000
3.407307	6.394000
3.408584	0.000000
3.409861	6.394000
3.411137	3.495000
3.412414	5.880000
3.413690	3.495000
3.414967	6.276000
3.416244	0.000000
3.417520	6.505000
3.418797	3.891000
3.420074	6.505000
3.421350	3.891000
3.422627	6.611000
3.423903	0.000000
3.425180	6.712000
3.426457	3.010000
3.427733	6.712000
3.429010	0.000000
3.430287	5.731000
3.431563	3.010000
3.432840	6.505000
3.434116	3.010000
3.435393	6.712000
3.436670	1.505000
3.437946	6.021000
3.439223	3.495000
3.440500	6.021000
3.441776	3.010000
3.443053	6.276000
3.444329	2.386000
3.445606	6.901000
3.446883	2.386000
3.448159	6.611000
3.449436	2.386000
3.450712	6.276000
3.451989	3.891000
3.453266	6.505000
3.454542	0.000000
3.455819	6.611000
3.457096	1.505000
3.458372	6.152000
3.459649	3.495000
3.460925	6.152000
3.462202	4.771000
3.463479	5.731000
3.464755	0.000000
3.466032	7.075000
3.467309	1.505000
3.468585	7.075000
3.469862	3.010000
3.471138	6.021000
3.472415	3.891000
3.473692	6.021000
3.474968	3.010000
3.476245	6.809000
3.477522	2.386000
3.478798	6.611000
3.480075	3.891000
3.481351	6.505000
3.482628	0.000000
3.483905	6.152000
3.485181	3.495000
3.486458	6.712000
3.487735	1.505000
3.489011	6.505000
3.490288	2.386000
3.491564	6.394000
3.492841	3.495000
3.494118	6.394000
3.495394	3.495000
3.496671	6.712000
3.497948	3.495000
3.499224	6.505000
3.500501	4.515000
3.501777	6.394000
3.503054	1.505000
3.504331	6.276000
3.505607	0.000000
3.506884	6.276000
3.508161	0.000000
3.509437	6.611000
3.510714	2.386000
3.511990	5.880000
3.513267	3.010000
3.514544	6.276000
3.515820	0.000000
3.517097	6.611000
3.518374	2.386000
3.519650	6.505000
3.520927	3.495000
3.522203	6.021000
3.523480	1.505000
3.524757	6.152000
3.526033	0.000000
3.527310	6.505000
3.528587	0.000000
3.529863	6.276000
3.531140	2.386000
3.532416	6.276000
3.533693	4.225000
3.534970	6.021000
3.536246	3.891000
3.537523	6.611000
3.538799	1.505000
3.540076	6.152000
3.541353	0.000000
3.542629	6.276000
3.543906	3.891000
3.545183	5.880000
3.546459	0.000000
3.547736	6.712000
3.549012	0.000000
3.550289	6.712000
3.551566	2.386000
3.552842	6.394000
3.554119	3.010000
3.555396	6.809000
3.556672	2.386000
3.557949	5.880000
3.559225	3.010000
3.560502	6.394000
3.561779	1.505000
3.563055	6.021000
3.564332	2.386000
3.565609	5.880000
3.566885	2.386000
3.568162	6.712000
3.569438	3.010000
3.570715	6.021000
3.571992	0.000000
3.573268	5.880000
3.574545	3.495000
3.575822	6.021000
3.577098	0.000000
3.578375	6.152000
3.579651	2.386000
3.580928	6.276000
3.582205	3.495000
3.583481	6.152000
3.584758	2.386000
3.586035	6.152000
3.587311	0.000000
3.588588	6.712000
3.589864	0.000000
3.591141	6.809000
3.592418	2.386000
3.593694	5.880000
3.594971	2.386000
3.596248	5.880000
3.597524	2.386000
3.598801	6.394000
3.600077	0.000000
3.601354	6.394000
3.602631	2.386000
3.603907	6.276000
3.605184	3.891000
3.606461	6.505000
3.607737	0.000000
3.609014	6.505000
3.610290	0.000000
3.611567	6.152000
3.612844	0.000000
3.614120	6.021000
3.615397	3.891000
3.616674	6.611000
3.617950	4.225000
3.619227	6.611000
3.620503	3.891000
3.621780	6.021000
3.623057	1.505000
3.624333	6.152000
3.625610	4.225000
3.626886	6.394000
3.628163	0.000000
3.629440	6.505000
3.630716	0.000000
3.631993	6.611000
3.633270	0.000000
3.634546	6.505000
3.635823	3.010000
3.637099	5.880000
3.638376	0.000000
3.639653	5.880000
3.640929	0.000000
3.642206	6.021000
3.643483	3.010000
3.644759	6.276000
3.646036	0.000000
3.647312	6.276000
3.648589	1.505000
3.649866	6.611000
3.651142	2.386000
3.652419	6.505000
3.653696	3.495000
3.654972	6.152000
3.656249	1.505000
3.657525	6.021000
3.658802	2.386000
3.660079	6.394000
3.661355	2.386000
3.662632	6.021000
3.663909	2.386000
3.665185	6.505000
3.666462	2.386000
3.667738	6.276000
3.669015	0.000000
3.670292	6.394000
3.671568	0.000000
3.672845	6.611000
3.674122	3.495000
3.675398	6.394000
3.676675	3.010000
3.677951	6.276000
3.679228	0.000000
3.680505	6.611000
3.681781	3.495000
3.683058	6.021000
3.684335	1.505000
3.685611	6.276000
3.686888	2.386000
3.688164	6.394000
3.689441	0.000000
3.690718	6.276000
3.691994	0.000000
3.693271	6.152000
3.694548	3.010000
3.695824	6.394000
3.697101	2.386000
3.698377	5.880000
3.699654	0.000000
3.700931	6.021000
3.702207	0.000000
3.703484	5.880000
3.704761	1.505000
3.706037	6.021000
3.707314	0.000000
3.708590	6.276000
3.709867	0.000000
3.711144	6.152000
3.712420	0.000000
3.713697	6.611000
3.714973	0.000000
3.716250	6.276000
3.717527	2.386000
3.718803	6.021000
3.720080	0.000000
3.721357	6.505000
3.722633	0.000000
3.723910	5.880000
3.725186	0.000000
3.726463	6.505000
3.727740	1.505000
3.729016	5.731000
3.730293	0.000000
3.731570	6.276000
3.732846	0.000000
3.734123	6.505000
3.735399	2.386000
3.736676	5.880000
3.737953	1.505000
3.739229	6.394000
3.740506	0.000000
3.741783	6.152000
3.743059	0.000000
3.744336	6.152000
3.745612	0.000000
3.746889	6.021000
3.748166	0.000000
3.749442	6.505000
3.750719	0.000000
3.751996	5.880000
3.753272	3.010000
3.754549	6.505000
3.755825	2.386000
3.757102	6.152000
3.758379	0.000000
3.759655	5.731000
3.760932	1.505000
3.762209	6.394000
3.763485	1.505000
3.764762	6.152000
3.766038	0.000000
3.767315	6.152000
3.768592	1.505000
3.769868	6.276000
3.771145	3.495000
3.772422	6.611000
3.773698	0.000000
3.774975	6.276000
3.776251	1.505000
3.777528	5.207000
3.778805	3.010000
3.780081	6.276000
3.781358	0.000000
3.782635	6.152000
3.783911	2.386000
3.785188	5.880000
3.786464	0.000000
3.787741	6.021000
3.789018	3.495000
3.790294	6.505000
3.791571	0.000000
3.792848	6.809000
3.794124	0.000000
3.795401	6.505000
3.796677	0.000000
3.797954	5.880000
3.799231	2.386000
3.800507	5.731000
3.801784	0.000000
3.803061	6.021000
3.804337	1.505000
3.805614	6.276000
3.806890	2.386000
3.808167	6.276000
3.809444	2.386000
3.810720	6.394000
3.811997	2.386000
3.813273	5.880000
3.814550	0.000000
3.815827	6.394000
3.817103	3.495000
3.818380	5.880000
3.819657	2.386000
3.820933	6.394000
3.822210	3.495000
3.823486	5.880000
3.824763	1.505000
3.826040	6.152000
3.827316	0.000000
3.828593	6.152000
3.829870	3.891000
3.831146	5.880000
3.832423	0.000000
3.833699	6.712000
3.834976	0.000000
3.836253	6.712000
3.837529	2.386000
3.838806	6.276000
3.840083	0.000000
3.841359	6.394000
3.842636	1.505000
3.843912	5.731000
3.845189	0.000000
3.846466	5.880000
3.847742	0.000000
3.849019	5.570000
3.850296	3.010000
3.851572	6.611000
3.852849	2.386000
3.854125	6.276000
3.855402	0.000000
3.856679	6.152000
3.857955	0.000000
3.859232	5.731000
3.860509	1.505000
3.861785	6.152000
3.863062	0.000000
3.864338	5.731000
3.865615	0.000000
3.866892	6.394000
3.868168	0.000000
3.869445	5.880000
3.870722	0.000000
3.871998	6.276000
3.873275	0.000000
3.874551	6.505000
3.875828	0.000000
3.877105	6.021000
3.878381	0.000000
3.879658	6.394000
3.880935	0.000000
3.882211	5.880000
3.883488	3.010000
3.884764	6.276000
3.886041	0.000000
3.887318	6.276000
3.888594	3.891000
3.889871	5.396000
3.891148	0.000000
3.892424	5.570000
3.893701	0.000000
3.894977	6.276000
3.896254	0.000000
3.897531	6.021000
3.898807	1.505000
3.900084	5.731000
3.901360	2.386000
3.902637	6.152000
3.903914	0.000000
3.905190	5.396000
3.906467	0.000000
3.907744	6.276000
3.909020	0.000000
3.910297	5.880000
3.911573	0.000000
3.912850	5.880000
3.914127	0.000000
3.915403	6.276000
3.916680	0.000000
3.917957	6.276000
3.919233	0.000000
3.920510	6.021000
3.921786	0.000000
3.923063	5.570000
3.924340	0.000000
3.925616	6.152000
3.926893	1.505000
3.928170	5.731000
3.929446	0.000000
3.930723	5.731000
3.931999	3.495000
3.933276	6.152000
3.934553	0.000000
3.935829	6.505000
3.937106	0.000000
3.938383	6.021000
3.939659	0.000000
3.940936	5.570000
3.942212	2.386000
3.943489	6.152000
3.944766	2.386000
3.946042	5.570000
3.947319	0.000000
3.948596	5.731000
3.949872	3.010000
3.951149	5.570000
3.952425	2.386000
3.953702	6.021000
3.954979	0.000000
3.956255	6.152000
3.957532	0.000000
3.958809	6.505000
3.960085	0.000000
3.961362	5.396000
3.962638	1.505000
3.963915	5.570000
3.965192	0.000000
3.966468	5.570000
3.967745	0.000000
3.969022	6.021000
3.970298	0.000000
3.971575	6.021000
3.972851	0.000000
3.974128	6.021000
3.975405	0.000000
3.976681	6.394000
3.977958	0.000000
3.979235	6.152000
3.980511	2.386000
3.981788	5.000000
3.983064	0.000000
3.984341	6.152000
3.985618	1.505000
3.986894	6.276000
3.988171	0.000000
3.989447	6.152000
3.990724	0.000000
3.992001	6.152000
3.993277	0.000000
3.994554	5.396000
3.995831	0.000000
3.997107	6.712000
3.998384	0.000000
3.999660	6.021000
4.000937	0.000000
4.002214	5.880000
4.003490	0.000000
4.004767	6.021000
4.006044	0.000000
4.007320	5.880000
4.008597	0.000000
4.009873	5.570000
4.011150	0.000000
4.012427	5.880000
4.013703	1.505000
4.014980	5.880000
4.016257	0.000000
4.017533	6.021000
4.018810	0.000000
4.020086	6.712000
4.021363	1.505000
4.022640	6.021000
4.023916	0.000000
4.025193	5.731000
4.026470	0.000000
4.027746	5.207000
4.029023	0.000000
4.030299	5.731000
4.031576	0.000000
4.032853	6.021000
4.034129	0.000000
4.035406	5.000000
4.036683	0.000000
4.037959	6.152000
4.039236	0.000000
4.040512	6.021000
4.041789	0.000000
4.043066	5.731000
4.044342	3.495000
4.045619	5.880000
4.046896	0.000000
4.048172	5.731000
4.049449	0.000000
4.050725	6.505000
4.052002	0.000000
4.053279	5.731000
4.054555	1.505000
4.055832	5.000000
4.057109	0.000000
4.058385	5.570000
4.059662	0.000000
4.060938	6.152000
4.062215	3.495000
4.063492	6.021000
4.064768	3.010000
4.066045	6.152000
4.067322	0.000000
4.068598	5.396000
4.069875	0.000000
4.071151	6.021000
4.072428	3.010000
4.073705	5.396000
4.074981	0.000000
4.076258	6.021000
4.077534	0.000000
4.078811	5.880000
4.080088	0.000000
4.081364	6.505000
4.082641	0.000000
4.083918	5.396000
4.085194	0.000000
4.086471	6.152000
4.087747	0.000000
4.089024	5.880000
4.090301	0.000000
4.091577	5.880000
4.092854	0.000000
4.094131	5.880000
4.095407	2.386000
4.096684	6.021000
4.097960	1.505000
4.099237	6.394000
4.100514	0.000000
4.101790	5.731000
4.103067	0.000000
4.104344	5.731000
4.105620	0.000000
4.106897	5.880000
4.108173	0.000000
4.109450	5.731000
4.110727	0.000000
4.112003	6.021000
4.113280	0.000000
4.114557	6.021000
4.115833	3.010000
4.117110	5.731000
4.118386	0.000000
4.119663	6.611000
4.120940	0.000000
4.122216	6.712000
4.123493	0.000000
4.124770	5.207000
4.126046	0.000000
4.127323	5.207000
4.128599	0.000000
4.129876	5.570000
4.131153	1.505000
4.132429	6.152000
4.133706	0.000000
4.134983	5.731000
4.136259	0.000000
4.137536	6.021000
4.138812	0.000000
4.140089	6.152000
4.141366	0.000000
4.142642	5.880000
4.143919	0.000000
4.145196	5.000000
4.146472	0.000000
4.147749	5.880000
4.149025	0.000000
4.150302	6.021000
4.151579	0.000000
4.152855	5.570000
4.154132	0.000000
4.155409	5.207000
4.156685	3.010000
4.157962	6.152000
4.159238	0.000000
4.160515	6.152000
4.161792	0.000000
4.163068	6.276000
4.164345	0.000000
4.165621	5.396000
4.166898	0.000000
4.168175	6.021000
4.169451	0.000000
4.170728	5.880000
4.172005	0.000000
4.173281	6.021000
4.174558	3.495000
4.175834	5.570000
4.177111	2.386000
4.178388	6.021000
4.179664	0.000000
4.180941	5.570000
4.182218	0.000000
4.183494	6.021000
4.184771	0.000000
4.186047	5.396000
4.187324	0.000000
4.188601	5.396000
4.189877	0.000000
4.191154	5.396000
4.192431	0.000000
4.193707	5.731000
4.194984	0.000000
4.196260	5.880000
4.197537	0.000000
4.198814	6.394000
4.200090	0.000000
4.201367	6.505000
4.202644	0.000000
4.203920	6.712000
4.205197	0.000000
4.206473	5.731000
4.207750	0.000000
4.209027	5.880000
4.210303	0.000000
4.211580	5.570000
4.212857	3.010000
4.214133	5.880000
4.215410	0.000000
4.216686	5.570000
4.217963	0.000000
4.219240	5.880000
4.220516	0.000000
4.221793	6.611000
4.223070	0.000000
4.224346	6.152000
4.225623	0.000000
4.226899	5.880000
4.228176	3.010000
4.229453	5.731000
4.230729	0.000000
4.232006	5.570000
4.233283	0.000000
4.234559	6.021000
4.235836	0.000000
4.237112	5.396000
4.238389	0.000000
4.239666	6.152000
4.240942	0.000000
4.242219	6.276000
4.243496	0.000000
4.244772	6.021000
4.246049	0.000000
4.247325	5.396000
4.248602	0.000000
4.249879	5.731000
4.251155	0.000000
4.252432	5.000000
4.253708	0.000000
4.254985	5.880000
4.256262	0.000000
4.257538	5.396000
4.258815	3.010000
4.260092	5.570000
4.261368	0.000000
4.262645	5.880000
4.263921	0.000000
4.265198	5.880000
4.266475	0.000000
4.267751	5.731000
4.269028	0.000000
4.270305	6.276000
4.271581	0.000000
4.272858	5.880000
4.274134	0.000000
4.275411	5.570000
4.276688	0.000000
4.277964	5.396000
4.279241	0.000000
4.280518	5.880000
4.281794	0.000000
4.283071	6.505000
4.284347	0.000000
4.285624	6.394000
4.286901	0.000000
4.288177	6.021000
4.289454	3.495000
4.290731	6.152000
4.292007	0.000000
4.293284	5.880000
4.294560	0.000000
4.295837	6.276000
4.297114	0.000000
4.298390	4.771000
4.299667	2.386000
4.300944	5.396000
4.302220	0.000000
4.303497	5.880000
4.304773	0.000000
4.306050	6.021000
4.307327	2.386000
4.308603	6.152000
4.309880	0.000000
4.311157	5.731000
4.312433	0.000000
4.313710	6.394000
4.314986	0.000000
4.316263	5.570000
4.317540	0.000000
4.318816	5.396000
4.320093	0.000000
4.321370	5.396000
4.322646	0.000000
4.323923	5.880000
4.325199	0.000000
4.326476	5.731000
4.327753	0.000000
4.329029	5.570000
4.330306	0.000000
4.331583	5.880000
4.332859	0.000000
4.334136	6.021000
4.335412	0.000000
4.336689	6.394000
4.337966	0.000000
4.339242	5.880000
4.340519	1.505000
4.341795	5.570000
4.343072	0.000000
4.344349	5.880000
4.345625	0.000000
4.346902	5.731000
4.348179	0.000000
4.349455	5.731000
4.350732	0.000000
4.352008	6.021000
4.353285	0.000000
4.354562	5.880000
4.355838	0.000000
4.357115	5.880000
4.358392	0.000000
4.359668	6.152000
4.360945	0.000000
4.362221	4.771000
4.363498	0.000000
4.364775	5.731000
4.366051	0.000000
4.367328	5.731000
4.368605	0.000000
4.369881	5.396000
4.371158	0.000000
4.372434	5.731000
4.373711	0.000000
4.374988	6.021000
4.376264	0.000000
4.377541	6.276000
4.378818	0.000000
4.380094	5.570000
4.381371	0.000000
4.382647	6.021000
4.383924	0.000000
4.385201	6.021000
4.386477	0.000000
4.387754	5.396000
4.389031	0.000000
4.390307	6.152000
4.391584	0.000000
4.392860	5.396000
4.394137	1.505000
4.395414	5.396000
4.396690	0.000000
4.397967	6.021000
4.399244	0.000000
4.400520	4.771000
4.401797	0.000000
4.403073	5.000000
4.404350	0.000000
4.405627	5.396000
4.406903	0.000000
4.408180	6.021000
4.409457	0.000000
4.410733	5.396000
4.412010	0.000000
4.413286	5.731000
4.414563	0.000000
4.415840	5.731000
4.417116	0.000000
4.418393	5.880000
4.419670	0.000000
4.420946	5.000000
4.422223	0.000000
4.423499	5.570000
4.424776	0.000000
4.426053	5.880000
4.427329	0.000000
4.428606	5.731000
4.429882	0.000000
4.431159	6.021000
4.432436	0.000000
4.433712	5.731000
4.434989	0.000000
4.436266	6.021000
4.437542	0.000000
4.438819	6.021000
4.440095	0.000000
4.441372	5.570000
4.442649	0.000000
4.443925	5.396000
4.445202	0.000000
4.446479	6.021000
4.447755	0.000000
4.449032	6.021000
4.450308	0.000000
4.451585	5.207000
4.452862	1.505000
4.454138	5.731000
4.455415	0.000000
4.456692	5.731000
4.457968	0.000000
4.459245	5.570000
4.460521	0.000000
4.461798	5.570000
4.463075	1.505000
4.464351	5.731000
4.465628	0.000000
4.466905	6.152000
4.468181	0.000000
4.469458	5.570000
4.470734	0.000000
4.472011	5.207000
4.473288	0.000000
4.474564	5.570000
4.475841	0.000000
4.477118	5.570000
4.478394	0.000000
4.479671	5.880000
4.480947	0.000000
4.482224	6.021000
4.483501	0.000000
4.484777	5.570000
4.486054	0.000000
4.487331	5.570000
4.488607	0.000000
4.489884	5.731000
4.491160	0.000000
4.492437	5.880000
4.493714	0.000000
4.494990	5.731000
4.496267	0.000000
4.497544	6.276000
4.498820	0.000000
4.500097	6.152000
4.501373	2.386000
4.502650	5.570000
4.503927	0.000000
4.505203	5.570000
4.506480	0.000000
4.507757	6.152000
4.509033	0.000000
4.510310	5.570000
4.511586	0.000000
4.512863	5.570000
4.514140	1.505000
4.515416	5.396000
4.516693	0.000000
4.517969	5.731000
4.519246	0.000000
4.520523	6.021000
4.521799	0.000000
4.523076	4.515000
4.524353	1.505000
4.525629	5.570000
4.526906	0.000000
4.528182	6.021000
4.529459	0.000000
4.530736	6.152000
4.532012	0.000000
4.533289	5.880000
4.534566	0.000000
4.535842	4.771000
4.537119	0.000000
4.538395	5.880000
4.539672	0.000000
4.540949	5.731000
4.542225	0.000000
4.543502	5.570000
4.544779	0.000000
4.546055	5.731000
4.547332	0.000000
4.548608	6.152000
4.549885	0.000000
4.551162	5.731000
4.552438	0.000000
4.553715	5.731000
4.554992	0.000000
4.556268	5.731000
4.557545	0.000000
4.558821	5.880000
4.560098	0.000000
4.561375	5.207000
4.562651	0.000000
4.563928	5.207000
4.565205	0.000000
4.566481	5.207000
4.567758	0.000000
4.569034	6.276000
4.570311	0.000000
4.571588	6.021000
4.572864	0.000000
4.574141	5.207000
4.575418	0.000000
4.576694	5.570000
4.577971	0.000000
4.579247	5.207000
4.580524	0.000000
4.581801	6.021000
4.583077	0.000000
4.584354	5.207000
4.585631	0.000000
4.586907	5.731000
4.588184	0.000000
4.589460	5.570000
4.590737	0.000000
4.592014	5.880000
4.593290	0.000000
4.594567	6.021000
4.595844	0.000000
4.597120	5.396000
4.598397	0.000000
4.599673	5.731000
4.600950	0.000000
4.602227	5.207000
4.603503	0.000000
4.604780	5.396000
4.606056	0.000000
4.607333	4.771000
4.608610	0.000000
4.609886	6.152000
4.611163	0.000000
4.612440	6.021000
4.613716	0.000000
4.614993	5.207000
4.616269	0.000000
4.617546	4.771000
4.618823	0.000000
4.620099	5.880000
4.621376	0.000000
4.622653	5.880000
4.623929	0.000000
4.625206	5.731000
4.626482	0.000000
4.627759	5.731000
4.629036	0.000000
4.630312	6.021000
4.631589	0.000000
4.632866	5.880000
4.634142	0.000000
4.635419	5.000000
4.636695	0.000000
4.637972	5.207000
4.639249	0.000000
4.640525	5.731000
4.641802	0.000000
4.643079	5.731000
4.644355	0.000000
4.645632	5.731000
4.646908	0.000000
4.648185	5.731000
4.649462	0.000000
4.650738	6.021000
4.652015	0.000000
4.653292	5.880000
4.654568	0.000000
4.655845	5.396000
4.657121	1.505000
4.658398	5.570000
4.659675	0.000000
4.660951	5.570000
4.662228	0.000000
4.663505	5.396000
4.664781	0.000000
4.666058	4.771000
4.667334	0.000000
4.668611	5.731000
4.669888	0.000000
4.671164	5.207000
4.672441	0.000000
4.673718	5.396000
4.674994	0.000000
4.676271	4.771000
4.677547	0.000000
4.678824	5.207000
4.680101	0.000000
4.681377	5.880000
4.682654	0.000000
4.683931	5.880000
4.685207	0.000000
4.686484	5.000000
4.687760	0.000000
4.689037	5.000000
4.690314	0.000000
4.691590	6.394000
4.692867	0.000000
4.694143	6.152000
4.695420	0.000000
4.696697	5.396000
4.697973	0.000000
4.699250	5.000000
4.700527	0.000000
4.701803	5.570000
4.703080	0.000000
4.704356	5.396000
4.705633	0.000000
4.706910	5.570000
4.708186	0.000000
4.709463	4.225000
4.710740	0.000000
4.712016	5.396000
4.713293	0.000000
4.714569	6.276000
4.715846	0.000000
4.717123	5.396000
4.718399	0.000000
4.719676	5.000000
4.720953	0.000000
4.722229	5.570000
4.723506	0.000000
4.724782	5.207000
4.726059	0.000000
4.727336	5.731000
4.728612	0.000000
4.729889	4.771000
4.731166	0.000000
4.732442	6.394000
4.733719	0.000000
4.734995	5.207000
4.736272	0.000000
4.737549	4.515000
4.738825	0.000000
4.740102	5.731000
4.741379	0.000000
4.742655	5.570000
4.743932	0.000000
4.745208	5.000000
4.746485	0.000000
4.747762	4.771000
4.749038	0.000000
4.750315	6.021000
4.751592	0.000000
4.752868	5.731000
4.754145	0.000000
4.755421	6.152000
4.756698	0.000000
4.757975	5.570000
4.759251	0.000000
4.760528	5.396000
4.761805	0.000000
4.763081	5.396000
4.764358	0.000000
4.765634	5.570000
4.766911	0.000000
4.768188	5.396000
4.769464	0.000000
4.770741	5.570000
4.772018	0.000000
4.773294	6.152000
4.774571	0.000000
4.775847	5.731000
4.777124	0.000000
4.778401	5.731000
4.779677	0.000000
4.780954	5.731000
4.782230	0.000000
4.783507	5.396000
4.784784	0.000000
4.786060	5.570000
4.787337	0.000000
4.788614	5.731000
4.789890	0.000000
4.791167	5.570000
4.792443	0.000000
4.793720	5.880000
4.794997	0.000000
4.796273	5.396000
4.797550	0.000000
4.798827	5.000000
4.800103	0.000000
4.801380	5.396000
4.802656	0.000000
4.803933	5.396000
4.805210	0.000000
4.806486	5.731000
4.807763	0.000000
4.809040	5.000000
4.810316	0.000000
4.811593	5.570000
4.812869	0.000000
4.814146	5.570000
4.815423	0.000000
4.816699	5.396000
4.817976	0.000000
4.819253	5.207000
4.820529	0.000000
4.821806	5.000000
4.823082	0.000000
4.824359	6.021000
4.825636	0.000000
4.826912	5.731000
4.828189	0.000000
4.829466	5.396000
4.830742	0.000000
4.832019	5.000000
4.833295	0.000000
4.834572	5.396000
4.835849	0.000000
4.837125	5.396000
4.838402	0.000000
4.839679	5.880000
4.840955	1.505000
4.842232	5.570000
4.843508	0.000000
4.844785	5.570000
4.846062	0.000000
4.847338	5.570000
4.848615	0.000000
4.849892	5.731000
4.851168	0.000000
4.852445	5.207000
4.853721	0.000000
4.854998	6.152000
4.856275	0.000000
4.857551	5.396000
4.858828	0.000000
4.860105	5.000000
4.861381	0.000000
4.862658	5.207000
4.863934	0.000000
4.865211	5.731000
4.866488	0.000000
4.867764	5.207000
4.869041	0.000000
4.870317	5.207000
4.871594	0.000000
4.872871	5.396000
4.874147	0.000000
4.875424	5.880000
4.876701	0.000000
4.877977	5.570000
4.879254	0.000000
4.880530	4.225000
4.881807	0.000000
4.883084	5.207000
4.884360	0.000000
4.885637	5.207000
4.886914	0.000000
4.888190	5.000000
4.889467	0.000000
4.890743	5.000000
4.892020	0.000000
4.893297	5.207000
4.894573	0.000000
4.895850	5.731000
4.897127	0.000000
4.898403	5.207000
4.899680	0.000000
4.900956	5.396000
4.902233	0.000000
4.903510	5.396000
4.904786	0.000000
4.906063	5.880000
4.907340	0.000000
4.908616	6.021000
4.909893	0.000000
4.911169	5.396000
4.912446	1.505000
4.913723	5.570000
4.914999	0.000000
4.916276	5.570000
4.917553	0.000000
4.918829	5.207000
4.920106	0.000000
4.921382	4.771000
4.922659	0.000000
4.923936	5.731000
4.925212	0.000000
4.926489	5.396000
4.927766	0.000000
4.929042	5.570000
4.930319	0.000000
4.931595	5.000000
4.932872	0.000000
4.934149	6.152000
4.935425	0.000000
4.936702	6.152000
4.937979	0.000000
4.939255	6.021000
4.940532	0.000000
4.941808	4.771000
4.943085	0.000000
4.944362	5.207000
4.945638	0.000000
4.946915	5.880000
4.948192	0.000000
4.949468	5.000000
4.950745	0.000000
4.952021	3.891000
4.953298	0.000000
4.954575	5.880000
4.955851	0.000000
4.957128	5.207000
4.958404	0.000000
4.959681	5.880000
4.960958	0.000000
4.962234	5.396000
4.963511	0.000000
4.964788	4.515000
4.966064	0.000000
4.967341	5.731000
4.968617	0.000000
4.969894	5.207000
4.971171	0.000000
4.972447	4.515000
4.973724	0.000000
4.975001	5.396000
4.976277	0.000000
4.977554	5.880000
4.978830	0.000000
4.980107	4.771000
4.981384	0.000000
4.982660	4.771000
4.983937	0.000000
4.985214	5.207000
4.986490	0.000000
4.987767	4.771000
4.989043	0.000000
4.990320	5.396000
4.991597	0.000000
4.992873	6.021000
4.994150	1.505000
4.995427	5.570000
4.996703	0.000000
4.997980	5.570000
