0.000000	0.000000
0.001277	32.016000
0.002553	33.360000
0.003830	33.374000
0.005106	33.374000
0.006383	33.374000
0.007660	33.374000
0.008936	33.374000
0.010213	33.374000
0.011490	33.374000
0.012766	33.374000
0.014043	33.080000
0.015319	32.165000
0.016596	30.923000
0.017873	29.645000
0.019149	28.360000
0.020426	24.021000
0.021703	22.714000
0.022979	21.692000
0.024256	20.923000
0.025532	20.341000
0.026809	19.920000
0.028086	19.603000
0.029362	19.381000
0.030639	19.201000
0.031916	19.081000
0.033192	18.972000
0.034469	18.891000
0.035745	18.802000
0.037022	18.729000
0.038299	18.646000
0.039575	18.576000
0.040852	18.495000
0.042129	18.429000
0.043405	18.356000
0.044682	18.304000
0.045958	18.261000
0.047235	18.237000
0.048512	18.202000
0.049788	18.182000
0.051065	18.152000
0.052342	18.142000
0.053618	18.111000
0.054895	18.085000
0.056171	18.037000
0.057448	18.010000
0.058725	17.950000
0.060001	17.916000
0.061278	17.864000
0.062555	17.835000
0.063831	17.794000
0.065108	17.775000
0.066384	17.745000
0.067661	17.739000
0.068938	17.714000
0.070214	17.714000
0.071491	17.695000
0.072768	17.683000
0.074044	17.638000
0.075321	17.625000
0.076597	17.579000
0.077874	17.559000
0.079151	17.519000
0.080427	17.498000
0.081704	17.457000
0.082981	17.436000
0.084257	17.400000
0.085534	17.400000
0.086810	17.371000
0.088087	17.371000
0.089364	17.349000
0.090640	17.342000
0.091917	17.319000
0.093193	17.319000
0.094470	17.289000
0.095747	17.274000
0.097023	17.236000
0.098300	17.228000
0.099577	17.189000
0.100853	17.173000
0.102130	17.141000
0.103406	17.133000
0.104683	17.108000
0.105960	17.100000
0.107236	17.075000
0.108513	17.075000
0.109790	17.050000
0.111066	17.058000
0.112343	17.033000
0.113619	17.024000
0.114896	16.990000
0.116173	16.990000
0.117449	16.955000
0.118726	16.946000
0.120003	16.910000
0.121279	16.910000
0.122556	16.883000
0.123832	16.874000
0.125109	16.855000
0.126386	16.855000
0.127662	16.827000
0.128939	16.827000
0.130216	16.809000
0.131492	16.799000
0.132769	16.771000
0.134045	16.761000
0.135322	16.732000
0.136599	16.722000
0.137875	16.692000
0.139152	16.702000
0.140429	16.662000
0.141705	16.662000
0.142982	16.632000
0.144258	16.621000
0.145535	16.590000
0.146812	16.601000
0.148088	16.569000
0.149365	16.569000
0.150642	16.537000
0.151918	16.537000
0.153195	16.494000
0.154471	16.494000
0.155748	16.461000
0.157025	16.461000
0.158301	16.416000
0.159578	16.428000
0.160855	16.394000
0.162131	16.382000
0.163408	16.359000
0.164684	16.348000
0.165961	16.324000
0.167238	16.324000
0.168514	16.300000
0.169791	16.312000
0.171068	16.276000
0.172344	16.276000
0.173621	16.252000
0.174897	16.252000
0.176174	16.203000
0.177451	16.203000
0.178727	16.178000
0.180004	16.178000
0.181280	16.152000
0.182557	16.152000
0.183834	16.127000
0.185110	16.127000
0.186387	16.101000
0.187664	16.101000
0.188940	16.074000
0.190217	16.087000
0.191493	16.061000
0.192770	16.061000
0.194047	16.034000
0.195323	16.034000
0.196600	15.993000
0.197877	16.021000
0.199153	15.979000
0.200430	16.007000
0.201706	15.966000
0.202983	15.979000
0.204260	15.952000
0.205536	15.966000
0.206813	15.923000
0.208090	15.952000
0.209366	15.909000
0.210643	15.923000
0.211919	15.880000
0.213196	15.895000
0.214473	15.851000
0.215749	15.866000
0.217026	15.822000
0.218303	15.837000
0.219579	15.807000
0.220856	15.792000
0.222132	15.761000
0.223409	15.761000
0.224686	15.715000
0.225962	15.731000
0.227239	15.699000
0.228516	15.699000
0.229792	15.668000
0.231069	15.684000
0.232345	15.652000
0.233622	15.668000
0.234899	15.619000
0.236175	15.619000
0.237452	15.586000
0.238729	15.603000
0.240005	15.553000
0.241282	15.586000
0.242558	15.553000
0.243835	15.553000
0.245112	15.519000
0.246388	15.536000
0.247665	15.502000
0.248942	15.519000
0.250218	15.485000
0.251495	15.502000
0.252771	15.450000
0.254048	15.450000
0.255325	15.414000
0.256601	15.414000
0.257878	15.396000
0.259155	15.396000
0.260431	15.359000
0.261708	15.359000
0.262984	15.322000
0.264261	15.341000
0.265538	15.322000
0.266814	15.341000
0.268091	15.303000
0.269367	15.322000
0.270644	15.285000
0.271921	15.303000
0.273197	15.265000
0.274474	15.303000
0.275751	15.246000
0.277027	15.265000
0.278304	15.227000
0.279580	15.265000
0.280857	15.207000
0.282134	15.227000
0.283410	15.187000
0.284687	15.207000
0.285964	15.167000
0.287240	15.187000
0.288517	15.147000
0.289793	15.167000
0.291070	15.127000
0.292347	15.147000
0.293623	15.106000
0.294900	15.127000
0.296177	15.085000
0.297453	15.085000
0.298730	15.043000
0.300006	15.085000
0.301283	15.043000
0.302560	15.064000
0.303836	15.000000
0.305113	15.022000
0.306390	14.996000
0.307666	15.022000
0.308943	14.974000
0.310219	14.985000
0.311496	14.952000
0.312773	14.978000
0.314049	14.936000
0.315326	14.945000
0.316603	14.905000
0.317879	14.932000
0.319156	14.884000
0.320432	14.911000
0.321709	14.847000
0.322986	14.877000
0.324262	14.847000
0.325539	14.868000
0.326816	14.831000
0.328092	14.847000
0.329369	14.812000
0.330645	14.838000
0.331922	14.793000
0.333199	14.833000
0.334475	14.798000
0.335752	14.805000
0.337029	14.766000
0.338305	14.788000
0.339582	14.744000
0.340858	14.769000
0.342135	14.715000
0.343412	14.727000
0.344688	14.688000
0.345965	14.730000
0.347242	14.683000
0.348518	14.720000
0.349795	14.657000
0.351071	14.672000
0.352348	14.639000
0.353625	14.650000
0.354901	14.614000
0.356178	14.634000
0.357454	14.595000
0.358731	14.619000
0.360008	14.569000
0.361284	14.632000
0.362561	14.569000
0.363838	14.629000
0.365114	14.556000
0.366391	14.590000
0.367667	14.542000
0.368944	14.566000
0.370221	14.505000
0.371497	14.548000
0.372774	14.507000
0.374051	14.540000
0.375327	14.480000
0.376604	14.491000
0.377880	14.460000
0.379157	14.477000
0.380434	14.444000
0.381710	14.466000
0.382987	14.415000
0.384264	14.463000
0.385540	14.421000
0.386817	14.446000
0.388093	14.395000
0.389370	14.407000
0.390647	14.361000
0.391923	14.384000
0.393200	14.337000
0.394477	14.369000
0.395753	14.317000
0.397030	14.334000
0.398306	14.311000
0.399583	14.328000
0.400860	14.278000
0.402136	14.323000
0.403413	14.244000
0.404690	14.308000
0.405966	14.262000
0.407243	14.284000
0.408519	14.229000
0.409796	14.250000
0.411073	14.201000
0.412349	14.259000
0.413626	14.207000
0.414903	14.235000
0.416179	14.163000
0.417456	14.216000
0.418732	14.172000
0.420009	14.204000
0.421286	14.159000
0.422562	14.213000
0.423839	14.134000
0.425116	14.182000
0.426392	14.124000
0.427669	14.194000
0.428945	14.163000
0.430222	14.197000
0.431499	14.137000
0.432775	14.185000
0.434052	14.117000
0.435329	14.178000
0.436605	14.137000
0.437882	14.153000
0.439158	14.137000
0.440435	14.172000
0.441712	14.101000
0.442988	14.143000
0.444265	14.038000
0.445541	14.111000
0.446818	14.044000
0.448095	14.065000
0.449371	14.024000
0.450648	14.061000
0.451925	13.993000
0.453201	14.034000
0.454478	13.976000
0.455754	14.024000
0.457031	13.958000
0.458308	13.997000
0.459584	13.951000
0.460861	13.969000
0.462138	13.927000
0.463414	13.965000
0.464691	13.898000
0.465967	13.944000
0.467244	13.883000
0.468521	13.916000
0.469797	13.873000
0.471074	13.902000
0.472351	13.836000
0.473627	13.894000
0.474904	13.832000
0.476180	13.869000
0.477457	13.810000
0.478734	13.847000
0.480010	13.772000
0.481287	13.813000
0.482564	13.745000
0.483840	13.806000
0.485117	13.749000
0.486393	13.806000
0.487670	13.741000
0.488947	13.817000
0.490223	13.753000
0.491500	13.783000
0.492777	13.718000
0.494053	13.772000
0.495330	13.710000
0.496606	13.760000
0.497883	13.710000
0.499160	13.764000
0.500436	13.682000
0.501713	13.729000
0.502990	13.682000
0.504266	13.737000
0.505543	13.670000
0.506819	13.721000
0.508096	13.658000
0.509373	13.682000
0.510649	13.642000
0.511926	13.694000
0.513203	13.613000
0.514479	13.670000
0.515756	13.609000
0.517032	13.694000
0.518309	13.621000
0.519586	13.674000
0.520862	13.613000
0.522139	13.654000
0.523416	13.559000
0.524692	13.646000
0.525969	13.559000
0.527245	13.666000
0.528522	13.538000
0.529799	13.580000
0.531075	13.546000
0.532352	13.580000
0.533628	13.482000
0.534905	13.563000
0.536182	13.512000
0.537458	13.555000
0.538735	13.512000
0.540012	13.584000
0.541288	13.512000
0.542565	13.576000
0.543841	13.473000
0.545118	13.559000
0.546395	13.482000
0.547671	13.567000
0.548948	13.473000
0.550225	13.534000
0.551501	13.442000
0.552778	13.504000
0.554054	13.415000
0.555331	13.490000
0.556608	13.429000
0.557884	13.490000
0.559161	13.379000
0.560438	13.451000
0.561714	13.388000
0.562991	13.433000
0.564267	13.328000
0.565544	13.420000
0.566821	13.314000
0.568097	13.402000
0.569374	13.333000
0.570651	13.393000
0.571927	13.328000
0.573204	13.388000
0.574480	13.323000
0.575757	13.393000
0.577034	13.318000
0.578310	13.393000
0.579587	13.342000
0.580864	13.411000
0.582140	13.370000
0.583417	13.388000
0.584693	13.304000
0.585970	13.374000
0.587247	13.295000
0.588523	13.374000
0.589800	13.266000
0.591077	13.347000
0.592353	13.304000
0.593630	13.342000
0.594906	13.266000
0.596183	13.383000
0.597460	13.280000
0.598736	13.337000
0.600013	13.256000
0.601290	13.314000
0.602566	13.222000
0.603843	13.285000
0.605119	13.202000
0.606396	13.314000
0.607673	13.217000
0.608949	13.280000
0.610226	13.202000
0.611503	13.237000
0.612779	13.157000
0.614056	13.227000
0.615332	13.147000
0.616609	13.222000
0.617886	13.162000
0.619162	13.207000
0.620439	13.147000
0.621715	13.207000
0.622992	13.142000
0.624269	13.177000
0.625545	13.080000
0.626822	13.172000
0.628099	13.074000
0.629375	13.132000
0.630652	13.043000
0.631928	13.101000
0.633205	13.053000
0.634482	13.121000
0.635758	13.037000
0.637035	13.157000
0.638312	13.085000
0.639588	13.137000
0.640865	13.059000
0.642141	13.127000
0.643418	13.074000
0.644695	13.121000
0.645971	13.032000
0.647248	13.111000
0.648525	13.005000
0.649801	13.132000
0.651078	13.027000
0.652354	13.101000
0.653631	13.059000
0.654908	13.085000
0.656184	12.983000
0.657461	13.059000
0.658738	12.944000
0.660014	13.037000
0.661291	12.961000
0.662567	13.027000
0.663844	12.950000
0.665121	13.032000
0.666397	12.916000
0.667674	13.021000
0.668951	12.939000
0.670227	13.037000
0.671504	12.972000
0.672780	13.048000
0.674057	12.988000
0.675334	13.059000
0.676610	12.977000
0.677887	13.048000
0.679164	12.939000
0.680440	13.048000
0.681717	12.977000
0.682993	13.027000
0.684270	12.939000
0.685547	13.032000
0.686823	12.905000
0.688100	13.027000
0.689377	12.882000
0.690653	12.999000
0.691930	12.922000
0.693206	12.999000
0.694483	12.870000
0.695760	12.950000
0.697036	12.899000
0.698313	13.016000
0.699590	12.910000
0.700866	12.983000
0.702143	12.893000
0.703419	12.961000
0.704696	12.887000
0.705973	12.966000
0.707249	12.893000
0.708526	12.977000
0.709802	12.864000
0.711079	12.950000
0.712356	12.841000
0.713632	12.899000
0.714909	12.853000
0.716186	12.950000
0.717462	12.811000
0.718739	12.916000
0.720015	12.823000
0.721292	12.887000
0.722569	12.800000
0.723845	12.893000
0.725122	12.823000
0.726399	12.893000
0.727675	12.775000
0.728952	12.910000
0.730228	12.782000
0.731505	12.859000
0.732782	12.745000
0.734058	12.811000
0.735335	12.727000
0.736612	12.805000
0.737888	12.683000
0.739165	12.817000
0.740441	12.714000
0.741718	12.817000
0.742995	12.757000
0.744271	12.782000
0.745548	12.702000
0.746825	12.800000
0.748101	12.676000
0.749378	12.817000
0.750654	12.714000
0.751931	12.823000
0.753208	12.727000
0.754484	12.794000
0.755761	12.727000
0.757038	12.782000
0.758314	12.708000
0.759591	12.823000
0.760867	12.708000
0.762144	12.805000
0.763421	12.689000
0.764697	12.794000
0.765974	12.664000
0.767251	12.769000
0.768527	12.625000
0.769804	12.745000
0.771080	12.612000
0.772357	12.733000
0.773634	12.619000
0.774910	12.714000
0.776187	12.638000
0.777464	12.727000
0.778740	12.619000
0.780017	12.727000
0.781293	12.579000
0.782570	12.702000
0.783847	12.593000
0.785123	12.664000
0.786400	12.553000
0.787677	12.657000
0.788953	12.553000
0.790230	12.664000
0.791506	12.579000
0.792783	12.702000
0.794060	12.579000
0.795336	12.670000
0.796613	12.559000
0.797889	12.638000
0.799166	12.573000
0.800443	12.664000
0.801719	12.546000
0.802996	12.676000
0.804273	12.579000
0.805549	12.670000
0.806826	12.553000
0.808102	12.638000
0.809379	12.566000
0.810656	12.664000
0.811932	12.512000
0.813209	12.651000
0.814486	12.498000
0.815762	12.606000
0.817039	12.533000
0.818315	12.625000
0.819592	12.471000
0.820869	12.606000
0.822145	12.533000
0.823422	12.651000
0.824699	12.505000
0.825975	12.619000
0.827252	12.559000
0.828528	12.625000
0.829805	12.478000
0.831082	12.593000
0.832358	12.478000
0.833635	12.559000
0.834912	12.485000
0.836188	12.573000
0.837465	12.464000
0.838741	12.519000
0.840018	12.378000
0.841295	12.526000
0.842571	12.400000
0.843848	12.492000
0.845125	12.421000
0.846401	12.512000
0.847678	12.429000
0.848954	12.498000
0.850231	12.319000
0.851508	12.512000
0.852784	12.371000
0.854061	12.566000
0.855338	12.414000
0.856614	12.505000
0.857891	12.393000
0.859167	12.478000
0.860444	12.407000
0.861721	12.512000
0.862997	12.349000
0.864274	12.464000
0.865551	12.393000
0.866827	12.492000
0.868104	12.436000
0.869380	12.485000
0.870657	12.386000
0.871934	12.485000
0.873210	12.327000
0.874487	12.485000
0.875764	12.393000
0.877040	12.485000
0.878317	12.386000
0.879593	12.505000
0.880870	12.429000
0.882147	12.533000
0.883423	12.400000
0.884700	12.519000
0.885976	12.371000
0.887253	12.478000
0.888530	12.364000
0.889806	12.414000
0.891083	12.327000
0.892360	12.436000
0.893636	12.289000
0.894913	12.443000
0.896189	12.342000
0.897466	12.471000
0.898743	12.364000
0.900019	12.450000
0.901296	12.342000
0.902573	12.478000
0.903849	12.349000
0.905126	12.478000
0.906402	12.342000
0.907679	12.478000
0.908956	12.342000
0.910232	12.429000
0.911509	12.334000
0.912786	12.471000
0.914062	12.342000
0.915339	12.464000
0.916615	12.327000
0.917892	12.400000
0.919169	12.282000
0.920445	12.371000
0.921722	12.267000
0.922999	12.407000
0.924275	12.297000
0.925552	12.349000
0.926828	12.212000
0.928105	12.356000
0.929382	12.251000
0.930658	12.327000
0.931935	12.181000
0.933212	12.334000
0.934488	12.157000
0.935765	12.319000
0.937041	12.181000
0.938318	12.274000
0.939595	12.173000
0.940871	12.251000
0.942148	12.165000
0.943425	12.289000
0.944701	12.165000
0.945978	12.282000
0.947254	12.157000
0.948531	12.259000
0.949808	12.124000
0.951084	12.236000
0.952361	12.083000
0.953638	12.274000
0.954914	12.083000
0.956191	12.274000
0.957467	12.124000
0.958744	12.267000
0.960021	12.108000
0.961297	12.228000
0.962574	12.091000
0.963851	12.251000
0.965127	12.050000
0.966404	12.133000
0.967680	12.075000
0.968957	12.189000
0.970234	12.075000
0.971510	12.205000
0.972787	12.083000
0.974063	12.267000
0.975340	12.116000
0.976617	12.244000
0.977893	12.149000
0.979170	12.244000
0.980447	12.100000
0.981723	12.205000
0.983000	12.091000
0.984276	12.197000
0.985553	12.075000
0.986830	12.165000
0.988106	12.083000
0.989383	12.220000
0.990660	12.116000
0.991936	12.220000
0.993213	12.100000
0.994489	12.228000
0.995766	12.091000
0.997043	12.236000
0.998319	12.066000
0.999596	12.205000
1.000873	12.100000
1.002149	12.228000
1.003426	12.091000
1.004702	12.228000
1.005979	12.108000
1.007256	12.220000
1.008532	12.100000
1.009809	12.220000
1.011086	12.083000
1.012362	12.197000
1.013639	12.066000
1.014915	12.282000
1.016192	12.083000
1.017469	12.282000
1.018745	12.124000
1.020022	12.212000
1.021299	12.149000
1.022575	12.244000
1.023852	12.075000
1.025128	12.189000
1.026405	12.075000
1.027682	12.149000
1.028958	12.091000
1.030235	12.189000
1.031512	12.116000
1.032788	12.173000
1.034065	11.972000
1.035341	12.141000
1.036618	12.041000
1.037895	12.189000
1.039171	12.041000
1.040448	12.116000
1.041725	11.998000
1.043001	12.149000
1.044278	11.998000
1.045554	12.149000
1.046831	12.007000
1.048108	12.189000
1.049384	12.058000
1.050661	12.124000
1.051938	12.033000
1.053214	12.091000
1.054491	11.892000
1.055767	12.141000
1.057044	11.972000
1.058321	12.116000
1.059597	11.963000
1.060874	12.091000
1.062150	11.998000
1.063427	30.619000
1.064704	32.181000
1.065980	32.847000
1.067257	33.177000
1.068534	33.356000
1.069810	33.374000
1.071087	33.374000
1.072363	33.374000
1.073640	33.374000
1.074917	33.374000
1.076193	32.676000
1.077470	31.621000
1.078747	30.467000
1.080023	29.256000
1.081300	28.053000
1.082576	23.941000
1.083853	22.464000
1.085130	21.276000
1.086406	20.378000
1.087683	19.695000
1.088960	19.197000
1.090236	18.825000
1.091513	18.567000
1.092789	18.351000
1.094066	18.212000
1.095343	18.085000
1.096619	17.994000
1.097896	17.893000
1.099173	17.823000
1.100449	17.745000
1.101726	17.676000
1.103002	17.606000
1.104279	17.553000
1.105556	17.485000
1.106832	17.443000
1.108109	17.393000
1.109386	17.364000
1.110662	17.319000
1.111939	17.304000
1.113215	17.274000
1.114492	17.259000
1.115769	17.236000
1.117045	17.228000
1.118322	17.189000
1.119599	17.181000
1.120875	17.141000
1.122152	17.124000
1.123428	17.075000
1.124705	17.058000
1.125982	17.007000
1.127258	16.990000
1.128535	16.946000
1.129812	16.928000
1.131088	16.892000
1.132365	16.883000
1.133641	16.855000
1.134918	16.865000
1.136195	16.837000
1.137471	16.846000
1.138748	16.818000
1.140025	16.818000
1.141301	16.790000
1.142578	16.780000
1.143854	16.742000
1.145131	16.732000
1.146408	16.692000
1.147684	16.682000
1.148961	16.642000
1.150237	16.632000
1.151514	16.590000
1.152791	16.590000
1.154067	16.559000
1.155344	16.559000
1.156621	16.537000
1.157897	16.537000
1.159174	16.505000
1.160450	16.516000
1.161727	16.494000
1.163004	16.483000
1.164280	16.450000
1.165557	16.450000
1.166834	16.405000
1.168110	16.394000
1.169387	16.359000
1.170663	16.348000
1.171940	16.324000
1.173217	16.312000
1.174493	16.276000
1.175770	16.276000
1.177047	16.240000
1.178323	16.252000
1.179600	16.203000
1.180876	16.228000
1.182153	16.178000
1.183430	16.190000
1.184706	16.152000
1.185983	16.152000
1.187260	16.114000
1.188536	16.114000
1.189813	16.074000
1.191089	16.074000
1.192366	16.034000
1.193643	16.034000
1.194919	15.993000
1.196196	15.993000
1.197473	15.952000
1.198749	15.966000
1.200026	15.923000
1.201302	15.938000
1.202579	15.895000
1.203856	15.895000
1.205132	15.866000
1.206409	15.866000
1.207686	15.837000
1.208962	15.837000
1.210239	15.792000
1.211515	15.792000
1.212792	15.761000
1.214069	15.761000
1.215345	15.731000
1.216622	15.731000
1.217899	15.684000
1.219175	15.699000
1.220452	15.668000
1.221728	15.668000
1.223005	15.636000
1.224282	15.636000
1.225558	15.603000
1.226835	15.603000
1.228112	15.570000
1.229388	15.586000
1.230665	15.553000
1.231941	15.553000
1.233218	15.519000
1.234495	15.519000
1.235771	15.485000
1.237048	15.485000
1.238324	15.450000
1.239601	15.467000
1.240878	15.414000
1.242154	15.432000
1.243431	15.396000
1.244708	15.414000
1.245984	15.378000
1.247261	15.378000
1.248537	15.341000
1.249814	15.359000
1.251091	15.303000
1.252367	15.322000
1.253644	15.285000
1.254921	15.285000
1.256197	15.246000
1.257474	15.246000
1.258750	15.207000
1.260027	15.246000
1.261304	15.187000
1.262580	15.187000
1.263857	15.167000
1.265134	15.167000
1.266410	15.127000
1.267687	15.147000
1.268963	15.085000
1.270240	15.106000
1.271517	15.064000
1.272793	15.064000
1.274070	15.043000
1.275347	15.043000
1.276623	15.000000
1.277900	15.022000
1.279176	14.954000
1.280453	14.987000
1.281730	14.934000
1.283006	14.954000
1.284283	14.900000
1.285560	14.925000
1.286836	14.875000
1.288113	14.886000
1.289389	14.852000
1.290666	14.866000
1.291943	14.824000
1.293219	14.835000
1.294496	14.790000
1.295773	14.798000
1.297049	14.766000
1.298326	14.781000
1.299602	14.727000
1.300879	14.766000
1.302156	14.695000
1.303432	14.735000
1.304709	14.680000
1.305986	14.700000
1.307262	14.647000
1.308539	14.665000
1.309815	14.624000
1.311092	14.655000
1.312369	14.601000
1.313645	14.627000
1.314922	14.572000
1.316199	14.601000
1.317475	14.550000
1.318752	14.577000
1.320028	14.521000
1.321305	14.548000
1.322582	14.494000
1.323858	14.524000
1.325135	14.477000
1.326412	14.491000
1.327688	14.444000
1.328965	14.469000
1.330241	14.413000
1.331518	14.446000
1.332795	14.401000
1.334071	14.435000
1.335348	14.375000
1.336624	14.387000
1.337901	14.337000
1.339178	14.369000
1.340454	14.305000
1.341731	14.349000
1.343008	14.272000
1.344284	14.320000
1.345561	14.253000
1.346837	14.287000
1.348114	14.241000
1.349391	14.268000
1.350667	14.204000
1.351944	14.247000
1.353221	14.175000
1.354497	14.210000
1.355774	14.156000
1.357050	14.191000
1.358327	14.130000
1.359604	14.166000
1.360880	14.101000
1.362157	14.134000
1.363434	14.071000
1.364710	14.108000
1.365987	14.055000
1.367263	14.075000
1.368540	14.031000
1.369817	14.065000
1.371093	13.990000
1.372370	14.031000
1.373647	13.965000
1.374923	14.021000
1.376200	13.948000
1.377476	13.969000
1.378753	13.937000
1.380030	13.951000
1.381306	13.898000
1.382583	13.958000
1.383860	13.858000
1.385136	13.912000
1.386413	13.839000
1.387689	13.876000
1.388966	13.828000
1.390243	13.858000
1.391519	13.795000
1.392796	13.851000
1.394073	13.787000
1.395349	13.821000
1.396626	13.745000
1.397902	13.791000
1.399179	13.733000
1.400456	13.772000
1.401732	13.698000
1.403009	13.764000
1.404286	13.678000
1.405562	13.741000
1.406839	13.650000
1.408115	13.714000
1.409392	13.638000
1.410669	13.682000
1.411945	13.605000
1.413222	13.658000
1.414499	13.584000
1.415775	13.630000
1.417052	13.572000
1.418328	13.601000
1.419605	13.542000
1.420882	13.576000
1.422158	13.504000
1.423435	13.567000
1.424711	13.473000
1.425988	13.559000
1.427265	13.447000
1.428541	13.521000
1.429818	13.464000
1.431095	13.473000
1.432371	13.402000
1.433648	13.451000
1.434924	13.379000
1.436201	13.433000
1.437478	13.365000
1.438754	13.420000
1.440031	13.347000
1.441308	13.415000
1.442584	13.323000
1.443861	13.388000
1.445137	13.276000
1.446414	13.365000
1.447691	13.276000
1.448967	13.328000
1.450244	13.271000
1.451521	13.323000
1.452797	13.217000
1.454074	13.276000
1.455350	13.202000
1.456627	13.266000
1.457904	13.187000
1.459180	13.252000
1.460457	13.157000
1.461734	13.202000
1.463010	13.116000
1.464287	13.207000
1.465563	13.111000
1.466840	13.192000
1.468117	13.111000
1.469393	13.152000
1.470670	13.064000
1.471947	13.111000
1.473223	13.048000
1.474500	13.132000
1.475776	13.016000
1.477053	13.090000
1.478330	13.005000
1.479606	13.074000
1.480883	12.999000
1.482160	13.043000
1.483436	12.972000
1.484713	13.064000
1.485989	12.933000
1.487266	13.043000
1.488543	12.916000
1.489819	12.972000
1.491096	12.899000
1.492373	12.966000
1.493649	12.887000
1.494926	12.955000
1.496202	12.859000
1.497479	12.939000
1.498756	12.841000
1.500032	12.899000
1.501309	12.823000
1.502586	12.870000
1.503862	12.727000
1.505139	12.882000
1.506415	12.733000
1.507692	12.864000
1.508969	12.739000
1.510245	12.817000
1.511522	12.714000
1.512798	12.800000
1.514075	12.720000
1.515352	12.775000
1.516628	12.702000
1.517905	12.775000
1.519182	12.664000
1.520458	12.727000
1.521735	12.657000
1.523011	12.733000
1.524288	12.593000
1.525565	12.720000
1.526841	12.586000
1.528118	12.689000
1.529395	12.586000
1.530671	12.651000
1.531948	12.526000
1.533224	12.612000
1.534501	12.539000
1.535778	12.619000
1.537054	12.533000
1.538331	12.593000
1.539608	12.485000
1.540884	12.606000
1.542161	12.464000
1.543437	12.559000
1.544714	12.421000
1.545991	12.579000
1.547267	12.407000
1.548544	12.533000
1.549821	12.386000
1.551097	12.464000
1.552374	12.371000
1.553650	12.478000
1.554927	12.349000
1.556204	12.464000
1.557480	12.386000
1.558757	12.464000
1.560034	12.327000
1.561310	12.429000
1.562587	12.297000
1.563863	12.414000
1.565140	12.274000
1.566417	12.393000
1.567693	12.244000
1.568970	12.319000
1.570247	12.228000
1.571523	12.319000
1.572800	12.189000
1.574076	12.304000
1.575353	12.181000
1.576630	12.319000
1.577906	12.181000
1.579183	12.319000
1.580460	12.181000
1.581736	12.282000
1.583013	12.173000
1.584289	12.251000
1.585566	12.108000
1.586843	12.236000
1.588119	12.024000
1.589396	12.220000
1.590673	12.083000
1.591949	12.173000
1.593226	12.066000
1.594502	12.189000
1.595779	12.050000
1.597056	12.173000
1.598332	12.041000
1.599609	12.157000
1.600885	11.998000
1.602162	12.108000
1.603439	11.990000
1.604715	12.100000
1.605992	11.955000
1.607269	12.108000
1.608545	11.937000
1.609822	12.075000
1.611098	11.937000
1.612375	12.066000
1.613652	11.937000
1.614928	12.033000
1.616205	11.901000
1.617482	12.024000
1.618758	11.901000
1.620035	11.981000
1.621311	11.883000
1.622588	11.963000
1.623865	11.818000
1.625141	11.955000
1.626418	11.771000
1.627695	11.963000
1.628971	11.771000
1.630248	11.937000
1.631524	11.809000
1.632801	11.910000
1.634078	11.761000
1.635354	11.874000
1.636631	11.751000
1.637908	11.874000
1.639184	11.702000
1.640461	11.837000
1.641737	11.692000
1.643014	11.818000
1.644291	11.652000
1.645567	11.809000
1.646844	11.611000
1.648121	11.837000
1.649397	11.632000
1.650674	11.818000
1.651950	11.642000
1.653227	11.751000
1.654504	11.642000
1.655780	11.751000
1.657057	11.580000
1.658334	11.712000
1.659610	11.548000
1.660887	11.692000
1.662163	11.548000
1.663440	11.742000
1.664717	11.559000
1.665993	11.632000
1.667270	11.494000
1.668547	11.742000
1.669823	11.428000
1.671100	11.692000
1.672376	11.483000
1.673653	11.642000
1.674930	11.472000
1.676206	11.642000
1.677483	11.461000
1.678760	11.590000
1.680036	11.428000
1.681313	11.559000
1.682589	11.371000
1.683866	11.580000
1.685143	11.428000
1.686419	11.537000
1.687696	11.359000
1.688972	11.590000
1.690249	11.359000
1.691526	11.527000
1.692802	11.336000
1.694079	11.537000
1.695356	11.348000
1.696632	11.450000
1.697909	11.288000
1.699185	11.483000
1.700462	11.288000
1.701739	11.394000
1.703015	11.252000
1.704292	11.405000
1.705569	11.252000
1.706845	11.405000
1.708122	11.203000
1.709398	11.450000
1.710675	11.165000
1.711952	11.359000
1.713228	11.228000
1.714505	11.324000
1.715782	11.203000
1.717058	11.336000
1.718335	11.178000
1.719611	11.336000
1.720888	11.139000
1.722165	11.288000
1.723441	11.139000
1.724718	11.312000
1.725995	11.114000
1.727271	11.252000
1.728548	11.087000
1.729824	11.240000
1.731101	11.101000
1.732378	11.300000
1.733654	11.061000
1.734931	11.240000
1.736208	11.021000
1.737484	11.228000
1.738761	11.021000
1.740037	11.165000
1.741314	10.979000
1.742591	11.165000
1.743867	10.966000
1.745144	11.114000
1.746421	10.979000
1.747697	11.087000
1.748974	10.909000
1.750250	11.228000
1.751527	10.923000
1.752804	11.139000
1.754080	10.880000
1.755357	11.061000
1.756634	10.866000
1.757910	11.048000
1.759187	10.880000
1.760463	11.101000
1.761740	10.807000
1.763017	10.993000
1.764293	10.866000
1.765570	11.048000
1.766847	10.851000
1.768123	11.034000
1.769400	10.807000
1.770676	11.007000
1.771953	10.761000
1.773230	11.034000
1.774506	10.746000
1.775783	10.966000
1.777059	10.746000
1.778336	10.909000
1.779613	10.731000
1.780889	10.952000
1.782166	10.731000
1.783443	10.952000
1.784719	10.761000
1.785996	10.923000
1.787272	10.761000
1.788549	10.909000
1.789826	10.636000
1.791102	10.952000
1.792379	10.684000
1.793656	10.923000
1.794932	10.619000
1.796209	10.837000
1.797485	10.652000
1.798762	10.807000
1.800039	10.652000
1.801315	10.822000
1.802592	10.553000
1.803869	10.807000
1.805145	10.652000
1.806422	10.866000
1.807698	10.619000
1.808975	10.822000
1.810252	10.519000
1.811528	10.851000
1.812805	10.519000
1.814082	10.792000
1.815358	10.586000
1.816635	10.699000
1.817911	10.519000
1.819188	10.746000
1.820465	10.536000
1.821741	10.792000
1.823018	10.553000
1.824295	10.715000
1.825571	10.467000
1.826848	10.715000
1.828124	10.485000
1.829401	10.715000
1.830678	10.303000
1.831954	10.777000
1.833231	10.303000
1.834508	10.761000
1.835784	10.467000
1.837061	10.619000
1.838337	10.450000
1.839614	10.636000
1.840891	10.359000
1.842167	10.603000
1.843444	10.341000
1.844721	10.570000
1.845997	10.359000
1.847274	10.570000
1.848550	10.341000
1.849827	10.536000
1.851104	10.246000
1.852380	10.586000
1.853657	10.246000
1.854934	10.570000
1.856210	10.246000
1.857487	10.570000
1.858763	10.359000
1.860040	10.450000
1.861317	10.207000
1.862593	10.485000
1.863870	10.167000
1.865146	10.414000
1.866423	10.187000
1.867700	10.519000
1.868976	10.147000
1.870253	10.396000
1.871530	10.085000
1.872806	10.519000
1.874083	10.085000
1.875359	10.450000
1.876636	10.106000
1.877913	10.396000
1.879189	10.106000
1.880466	10.396000
1.881743	10.106000
1.883019	10.396000
1.884296	10.043000
1.885572	10.341000
1.886849	10.085000
1.888126	10.359000
1.889402	10.085000
1.890679	10.322000
1.891956	10.022000
1.893232	10.322000
1.894509	10.085000
1.895785	10.432000
1.897062	10.064000
1.898339	10.303000
1.899615	9.934000
1.900892	10.246000
1.902169	10.022000
1.903445	10.246000
1.904722	9.956000
1.905998	10.227000
1.907275	9.842000
1.908552	10.303000
1.909828	9.911000
1.911105	10.246000
1.912382	9.795000
1.913658	10.303000
1.914935	9.911000
1.916211	10.246000
1.917488	9.934000
1.918765	10.147000
1.920041	9.956000
1.921318	10.227000
1.922595	9.889000
1.923871	10.167000
1.925148	9.866000
1.926424	10.227000
1.927701	9.911000
1.928978	10.127000
1.930254	9.819000
1.931531	10.127000
1.932808	9.698000
1.934084	10.085000
1.935361	9.795000
1.936637	10.127000
1.937914	9.795000
1.939191	10.085000
1.940467	9.795000
1.941744	10.127000
1.943021	9.722000
1.944297	10.106000
1.945574	9.819000
1.946850	10.022000
1.948127	9.722000
1.949404	10.043000
1.950680	9.771000
1.951957	9.978000
1.953233	9.698000
1.954510	10.064000
1.955787	9.672000
1.957063	10.085000
1.958340	9.672000
1.959617	10.000000
1.960893	9.722000
1.962170	9.978000
1.963446	9.698000
1.964723	9.911000
1.966000	9.569000
1.967276	10.000000
1.968553	9.595000
1.969830	10.000000
1.971106	9.595000
1.972383	9.956000
1.973659	9.595000
1.974936	10.000000
1.976213	9.515000
1.977489	10.022000
1.978766	9.595000
1.980043	9.911000
1.981319	9.460000
1.982596	9.911000
1.983872	9.595000
1.985149	9.866000
1.986426	9.432000
1.987702	9.842000
1.988979	9.515000
1.990256	9.795000
1.991532	9.515000
1.992809	9.842000
1.994085	9.432000
1.995362	9.866000
1.996639	9.287000
1.997915	9.911000
1.999192	9.404000
2.000469	9.771000
2.001745	9.515000
2.003022	9.722000
2.004298	9.317000
2.005575	9.771000
2.006852	9.404000
2.008128	9.747000
2.009405	9.404000
2.010682	9.672000
2.011958	9.287000
2.013235	9.698000
2.014511	9.287000
2.015788	9.722000
2.017065	9.225000
2.018341	9.819000
2.019618	9.404000
2.020895	9.621000
2.022171	9.256000
2.023448	9.747000
2.024724	9.287000
2.026001	9.698000
2.027278	9.225000
2.028554	9.647000
2.029831	9.287000
2.031108	9.647000
2.032384	9.375000
2.033661	9.672000
2.034937	9.130000
2.036214	9.672000
2.037491	9.163000
2.038767	9.647000
2.040044	9.163000
2.041320	9.595000
2.042597	9.163000
2.043874	9.515000
2.045150	9.130000
2.046427	9.698000
2.047704	9.317000
2.048980	9.621000
2.050257	9.098000
2.051533	9.488000
2.052810	9.098000
2.054087	9.621000
2.055363	9.163000
2.056640	9.595000
2.057917	8.997000
2.059193	9.460000
2.060470	9.031000
2.061746	9.488000
2.063023	9.098000
2.064300	9.488000
2.065576	8.997000
2.066853	9.698000
2.068130	9.098000
2.069406	9.569000
2.070683	9.194000
2.071959	9.621000
2.073236	9.098000
2.074513	9.542000
2.075789	8.962000
2.077066	9.542000
2.078343	8.962000
2.079619	9.488000
2.080896	9.065000
2.082172	9.488000
2.083449	9.098000
2.084726	9.488000
2.086002	9.031000
2.087279	9.488000
2.088556	8.891000
2.089832	9.515000
2.091109	8.891000
2.092385	9.404000
2.093662	8.927000
2.094939	9.375000
2.096215	8.891000
2.097492	9.404000
2.098769	8.891000
2.100045	9.404000
2.101322	9.163000
2.102598	9.432000
2.103875	8.927000
2.105152	9.346000
2.106428	8.779000
2.107705	9.375000
2.108982	8.817000
2.110258	9.317000
2.111535	8.817000
2.112811	9.256000
2.114088	8.817000
2.115365	9.404000
2.116641	8.662000
2.117918	9.317000
2.119195	8.854000
2.120471	9.432000
2.121748	8.854000
2.123024	9.194000
2.124301	8.741000
2.125578	9.256000
2.126854	9.404000
2.128131	10.746000
2.129407	11.590000
2.130684	12.471000
2.131961	12.683000
2.133237	12.922000
2.134514	12.933000
2.135791	13.064000
2.137067	12.994000
2.138344	13.106000
2.139620	12.817000
2.140897	12.606000
2.142174	11.537000
2.143450	10.570000
2.144727	9.460000
2.146004	9.460000
2.147280	8.817000
2.148557	9.225000
2.149833	8.538000
2.151110	9.098000
2.152387	8.702000
2.153663	9.163000
2.154940	8.741000
2.156217	9.194000
2.157493	8.495000
2.158770	9.346000
2.160046	8.314000
2.161323	9.287000
2.162600	8.662000
2.163876	9.130000
2.165153	8.702000
2.166430	8.997000
2.167706	8.314000
2.168983	9.225000
2.170259	8.580000
2.171536	9.130000
2.172813	8.621000
2.174089	9.130000
2.175366	8.451000
2.176643	8.997000
2.177919	8.495000
2.179196	9.225000
2.180472	8.580000
2.181749	9.130000
2.183026	8.451000
2.184302	9.065000
2.185579	8.621000
2.186856	9.031000
2.188132	8.451000
2.189409	8.817000
2.190685	8.538000
2.191962	8.962000
2.193239	8.406000
2.194515	8.891000
2.195792	8.360000
2.197069	8.927000
2.198345	8.314000
2.199622	9.031000
2.200898	8.064000
2.202175	9.031000
2.203452	8.266000
2.204728	8.779000
2.206005	8.495000
2.207282	8.962000
2.208558	8.360000
2.209835	8.927000
2.211111	8.217000
2.212388	8.927000
2.213665	8.406000
2.214941	8.621000
2.216218	8.580000
2.217494	8.962000
2.218771	8.266000
2.220048	8.854000
2.221324	8.266000
2.222601	9.031000
2.223878	8.451000
2.225154	8.779000
2.226431	8.406000
2.227707	8.854000
2.228984	8.314000
2.230261	8.891000
2.231537	8.266000
2.232814	8.891000
2.234091	8.360000
2.235367	8.891000
2.236644	8.451000
2.237920	9.031000
2.239197	8.116000
2.240474	9.065000
2.241750	8.167000
2.243027	8.927000
2.244304	8.167000
2.245580	8.779000
2.246857	8.406000
2.248133	8.997000
2.249410	8.266000
2.250687	8.854000
2.251963	8.217000
2.253240	8.702000
2.254517	8.167000
2.255793	8.927000
2.257070	8.116000
2.258346	8.662000
2.259623	8.010000
2.260900	8.817000
2.262176	8.010000
2.263453	8.779000
2.264730	8.064000
2.266006	8.702000
2.267283	8.266000
2.268559	8.817000
2.269836	7.899000
2.271113	8.817000
2.272389	8.217000
2.273666	8.580000
2.274943	8.064000
2.276219	8.621000
2.277496	8.010000
2.278772	8.779000
2.280049	7.899000
2.281326	8.779000
2.282602	8.217000
2.283879	8.621000
2.285156	7.841000
2.286432	8.621000
2.287709	8.116000
2.288985	8.741000
2.290262	7.899000
2.291539	8.662000
2.292815	7.955000
2.294092	8.580000
2.295369	8.010000
2.296645	8.538000
2.297922	8.010000
2.299198	8.662000
2.300475	7.782000
2.301752	8.580000
2.303028	8.116000
2.304305	8.741000
2.305581	8.064000
2.306858	8.538000
2.308135	8.064000
2.309411	8.702000
2.310688	7.841000
2.311965	8.538000
2.313241	7.955000
2.314518	8.741000
2.315794	7.899000
2.317071	8.495000
2.318348	8.010000
2.319624	8.538000
2.320901	7.386000
2.322178	8.662000
2.323454	7.386000
2.324731	8.779000
2.326007	7.593000
2.327284	8.580000
2.328561	8.010000
2.329837	8.538000
2.331114	7.720000
2.332391	8.621000
2.333667	7.841000
2.334944	8.741000
2.336220	8.167000
2.337497	8.702000
2.338774	7.782000
2.340050	8.406000
2.341327	7.841000
2.342604	8.662000
2.343880	7.955000
2.345157	8.621000
2.346433	7.841000
2.347710	8.495000
2.348987	7.899000
2.350263	8.621000
2.351540	7.526000
2.352817	8.538000
2.354093	7.720000
2.355370	8.538000
2.356646	7.657000
2.357923	8.538000
2.359200	7.841000
2.360476	8.406000
2.361753	7.657000
2.363030	8.580000
2.364306	7.312000
2.365583	8.621000
2.366859	7.657000
2.368136	8.266000
2.369413	7.657000
2.370689	8.406000
2.371966	7.526000
2.373243	8.495000
2.374519	7.457000
2.375796	8.451000
2.377072	7.782000
2.378349	8.451000
2.379626	7.782000
2.380902	8.495000
2.382179	7.899000
2.383456	8.451000
2.384732	7.236000
2.386009	8.451000
2.387285	7.526000
2.388562	8.406000
2.389839	7.593000
2.391115	8.314000
2.392392	7.720000
2.393668	8.538000
2.394945	7.386000
2.396222	8.580000
2.397498	7.720000
2.398775	8.314000
2.400052	7.657000
2.401328	8.538000
2.402605	7.312000
2.403881	8.580000
2.405158	6.901000
2.406435	8.495000
2.407711	7.386000
2.408988	8.266000
2.410265	7.457000
2.411541	8.360000
2.412818	7.386000
2.414094	8.406000
2.415371	7.312000
2.416648	8.266000
2.417924	7.593000
2.419201	8.116000
2.420478	7.526000
2.421754	8.406000
2.423031	7.386000
2.424307	8.266000
2.425584	7.157000
2.426861	8.266000
2.428137	7.236000
2.429414	8.217000
2.430691	7.236000
2.431967	8.064000
2.433244	7.157000
2.434520	8.217000
2.435797	7.386000
2.437074	8.580000
2.438350	7.312000
2.439627	8.116000
2.440904	7.526000
2.442180	8.314000
2.443457	7.236000
2.444733	8.266000
2.446010	6.901000
2.447287	8.217000
2.448563	7.312000
2.449840	8.116000
2.451117	7.312000
2.452393	8.167000
2.453670	6.990000
2.454946	8.217000
2.456223	7.157000
2.457500	8.314000
2.458776	7.386000
2.460053	8.266000
2.461330	7.386000
2.462606	8.217000
2.463883	7.157000
2.465159	8.217000
2.466436	7.312000
2.467713	8.116000
2.468989	7.236000
2.470266	8.116000
2.471543	7.236000
2.472819	8.217000
2.474096	7.236000
2.475372	8.064000
2.476649	7.386000
2.477926	7.899000
2.479202	7.386000
2.480479	8.167000
2.481755	7.236000
2.483032	8.064000
2.484309	6.712000
2.485585	8.495000
2.486862	6.611000
2.488139	8.217000
2.489415	7.236000
2.490692	8.010000
2.491968	7.457000
2.493245	8.217000
2.494522	7.075000
2.495798	8.217000
2.497075	6.990000
2.498352	8.116000
2.499628	7.312000
2.500905	8.217000
2.502181	7.312000
2.503458	7.955000
2.504735	7.236000
2.506011	8.266000
2.507288	6.990000
2.508565	7.955000
2.509841	7.075000
2.511118	7.899000
2.512394	7.157000
2.513671	8.064000
2.514948	6.712000
2.516224	8.167000
2.517501	6.809000
2.518778	8.064000
2.520054	7.386000
2.521331	8.010000
2.522607	7.157000
2.523884	7.955000
2.525161	6.990000
2.526437	8.167000
2.527714	6.712000
2.528991	8.167000
2.530267	6.990000
2.531544	8.116000
2.532820	7.312000
2.534097	7.955000
2.535374	6.809000
2.536650	8.010000
2.537927	6.712000
2.539204	8.064000
2.540480	7.157000
2.541757	8.010000
2.543033	7.236000
2.544310	7.899000
2.545587	6.809000
2.546863	7.955000
2.548140	6.611000
2.549417	8.010000
2.550693	7.075000
2.551970	7.657000
2.553246	6.809000
2.554523	7.841000
2.555800	7.236000
2.557076	7.782000
2.558353	6.712000
2.559630	7.782000
2.560906	7.075000
2.562183	7.841000
2.563459	7.075000
2.564736	7.955000
2.566013	6.505000
2.567289	8.266000
2.568566	6.276000
2.569842	8.010000
2.571119	6.990000
2.572396	7.899000
2.573672	6.809000
2.574949	7.782000
2.576226	6.901000
2.577502	8.064000
2.578779	6.809000
2.580055	7.782000
2.581332	6.901000
2.582609	7.955000
2.583885	7.075000
2.585162	7.899000
2.586439	6.712000
2.587715	7.899000
2.588992	7.075000
2.590268	7.782000
2.591545	6.021000
2.592822	7.720000
2.594098	6.712000
2.595375	7.782000
2.596652	6.809000
2.597928	7.720000
2.599205	6.809000
2.600481	7.841000
2.601758	6.611000
2.603035	7.782000
2.604311	6.611000
2.605588	7.720000
2.606865	6.809000
2.608141	7.782000
2.609418	6.505000
2.610694	8.010000
2.611971	6.394000
2.613248	7.782000
2.614524	6.809000
2.615801	7.782000
2.617078	6.712000
2.618354	8.010000
2.619631	6.712000
2.620907	7.899000
2.622184	6.712000
2.623461	7.720000
2.624737	6.505000
2.626014	7.782000
2.627291	6.990000
2.628567	7.899000
2.629844	6.021000
2.631120	7.955000
2.632397	6.809000
2.633674	7.782000
2.634950	6.505000
2.636227	7.593000
2.637504	6.505000
2.638780	7.720000
2.640057	6.611000
2.641333	7.782000
2.642610	6.505000
2.643887	7.720000
2.645163	6.505000
2.646440	7.720000
2.647717	6.152000
2.648993	7.955000
2.650270	6.276000
2.651546	7.841000
2.652823	6.611000
2.654100	7.720000
2.655376	6.611000
2.656653	7.782000
2.657929	6.611000
2.659206	7.657000
2.660483	6.152000
2.661759	7.782000
2.663036	6.901000
2.664313	7.657000
2.665589	6.712000
2.666866	7.720000
2.668142	5.880000
2.669419	7.899000
2.670696	6.611000
2.671972	7.720000
2.673249	6.712000
2.674526	7.720000
2.675802	6.394000
2.677079	7.899000
2.678355	5.731000
2.679632	7.457000
2.680909	5.570000
2.682185	7.526000
2.683462	6.021000
2.684739	7.526000
2.686015	6.505000
2.687292	7.782000
2.688568	6.394000
2.689845	7.782000
2.691122	6.276000
2.692398	7.841000
2.693675	6.611000
2.694952	7.720000
2.696228	6.276000
2.697505	7.526000
2.698781	6.152000
2.700058	7.720000
2.701335	5.570000
2.702611	7.657000
2.703888	6.611000
2.705165	7.657000
2.706441	6.712000
2.707718	7.657000
2.708994	6.276000
2.710271	7.720000
2.711548	6.276000
2.712824	7.593000
2.714101	6.152000
2.715378	7.236000
2.716654	6.152000
2.717931	7.386000
2.719207	6.152000
2.720484	7.657000
2.721761	6.394000
2.723037	7.657000
2.724314	6.276000
2.725591	7.386000
2.726867	6.712000
2.728144	7.657000
2.729420	6.152000
2.730697	7.720000
2.731974	5.731000
2.733250	7.593000
2.734527	5.731000
2.735804	7.526000
2.737080	6.611000
2.738357	7.526000
2.739633	6.021000
2.740910	7.312000
2.742187	6.505000
2.743463	7.782000
2.744740	6.505000
2.746016	7.236000
2.747293	6.505000
2.748570	7.526000
2.749846	6.021000
2.751123	7.782000
2.752400	6.276000
2.753676	7.657000
2.754953	5.731000
2.756229	7.312000
2.757506	6.394000
2.758783	7.457000
2.760059	6.021000
2.761336	7.457000
2.762613	5.880000
2.763889	7.386000
2.765166	6.505000
2.766442	7.312000
2.767719	6.021000
2.768996	7.657000
2.770272	6.505000
2.771549	7.526000
2.772826	5.731000
2.774102	7.386000
2.775379	5.396000
2.776655	7.457000
2.777932	6.276000
2.779209	7.457000
2.780485	5.570000
2.781762	7.457000
2.783039	5.880000
2.784315	7.593000
2.785592	6.394000
2.786868	7.526000
2.788145	6.394000
2.789422	7.457000
2.790698	5.396000
2.791975	7.457000
2.793252	5.207000
2.794528	7.386000
2.795805	5.207000
2.797081	7.312000
2.798358	6.394000
2.799635	7.457000
2.800911	5.880000
2.802188	7.526000
2.803465	6.021000
2.804741	7.386000
2.806018	6.276000
2.807294	7.526000
2.808571	6.394000
2.809848	7.312000
2.811124	3.891000
2.812401	7.593000
2.813678	4.515000
2.814954	7.236000
2.816231	5.570000
2.817507	7.386000
2.818784	5.731000
2.820061	7.457000
2.821337	5.880000
2.822614	7.386000
2.823891	5.570000
2.825167	7.526000
2.826444	5.731000
2.827720	7.236000
2.828997	6.152000
2.830274	7.386000
2.831550	5.570000
2.832827	7.236000
2.834103	5.396000
2.835380	7.593000
2.836657	5.731000
2.837933	7.236000
2.839210	5.570000
2.840487	7.526000
2.841763	6.021000
2.843040	7.720000
2.844316	6.021000
2.845593	7.386000
2.846870	5.880000
2.848146	6.990000
2.849423	6.021000
2.850700	7.312000
2.851976	5.731000
2.853253	7.593000
2.854529	4.771000
2.855806	7.526000
2.857083	5.570000
2.858359	7.312000
2.859636	5.880000
2.860913	7.526000
2.862189	5.880000
2.863466	7.236000
2.864742	5.570000
2.866019	7.312000
2.867296	6.152000
2.868572	7.157000
2.869849	5.731000
2.871126	7.312000
2.872402	5.207000
2.873679	7.157000
2.874955	5.396000
2.876232	7.075000
2.877509	4.515000
2.878785	7.236000
2.880062	5.570000
2.881339	7.457000
2.882615	4.771000
2.883892	7.075000
2.885168	5.207000
2.886445	6.712000
2.887722	5.731000
2.888998	7.157000
2.890275	6.152000
2.891552	7.075000
2.892828	5.207000
2.894105	7.593000
2.895381	5.570000
2.896658	7.312000
2.897935	5.731000
2.899211	7.312000
2.900488	5.731000
2.901765	7.157000
2.903041	4.771000
2.904318	7.236000
2.905594	5.000000
2.906871	7.075000
2.908148	6.276000
2.909424	7.386000
2.910701	5.731000
2.911978	7.157000
2.913254	5.731000
2.914531	7.657000
2.915807	5.880000
2.917084	7.457000
2.918361	5.731000
2.919637	7.075000
2.920914	5.731000
2.922190	7.236000
2.923467	4.515000
2.924744	7.236000
2.926020	5.396000
2.927297	7.075000
2.928574	5.000000
2.929850	7.236000
2.931127	5.731000
2.932403	7.236000
2.933680	4.515000
2.934957	7.312000
2.936233	4.515000
2.937510	7.075000
2.938787	5.000000
2.940063	6.809000
2.941340	5.396000
2.942616	7.312000
2.943893	6.152000
2.945170	6.901000
2.946446	4.771000
2.947723	6.990000
2.949000	4.771000
2.950276	7.236000
2.951553	5.396000
2.952829	6.712000
2.954106	5.207000
2.955383	7.312000
2.956659	5.396000
2.957936	7.075000
2.959213	5.207000
2.960489	6.809000
2.961766	6.021000
2.963042	7.312000
2.964319	4.225000
2.965596	6.809000
2.966872	4.515000
2.968149	7.157000
2.969426	5.207000
2.970702	6.990000
2.971979	5.000000
2.973255	6.901000
2.974532	5.000000
2.975809	7.236000
2.977085	4.771000
2.978362	7.526000
2.979639	5.570000
2.980915	6.611000
2.982192	6.152000
2.983468	6.990000
2.984745	4.515000
2.986022	6.990000
2.987298	5.207000
2.988575	6.901000
2.989852	4.225000
2.991128	7.157000
2.992405	6.021000
2.993681	6.809000
2.994958	3.891000
2.996235	6.901000
2.997511	5.000000
2.998788	7.157000
3.000065	5.396000
3.001341	6.901000
3.002618	5.880000
3.003894	6.901000
3.005171	5.396000
3.006448	7.312000
3.007724	4.771000
3.009001	7.386000
3.010277	5.396000
3.011554	6.809000
3.012831	4.771000
3.014107	6.901000
3.015384	5.000000
3.016661	7.157000
3.017937	4.225000
3.019214	7.075000
3.020490	5.207000
3.021767	6.809000
3.023044	5.570000
3.024320	6.712000
3.025597	4.225000
3.026874	7.157000
3.028150	4.225000
3.029427	6.901000
3.030703	5.880000
3.031980	6.901000
3.033257	4.515000
3.034533	6.809000
3.035810	4.515000
3.037087	7.157000
3.038363	4.225000
3.039640	6.809000
3.040916	5.207000
3.042193	7.075000
3.043470	5.000000
3.044746	6.712000
3.046023	4.515000
3.047300	7.075000
3.048576	5.731000
3.049853	7.157000
3.051129	5.396000
3.052406	6.809000
3.053683	5.731000
3.054959	6.901000
3.056236	5.207000
3.057513	7.386000
3.058789	3.495000
3.060066	7.075000
3.061342	5.000000
3.062619	6.901000
3.063896	4.771000
3.065172	6.809000
3.066449	4.771000
3.067726	7.075000
3.069002	5.207000
3.070279	6.901000
3.071555	4.771000
3.072832	6.901000
3.074109	5.731000
3.075385	6.901000
3.076662	4.771000
3.077939	7.157000
3.079215	3.891000
3.080492	6.990000
3.081768	5.731000
3.083045	6.809000
3.084322	5.000000
3.085598	6.394000
3.086875	4.515000
3.088152	6.901000
3.089428	5.000000
3.090705	6.712000
3.091981	5.396000
3.093258	6.712000
3.094535	5.880000
3.095811	6.712000
3.097088	3.495000
3.098364	7.075000
3.099641	4.225000
3.100918	6.990000
3.102194	5.207000
3.103471	6.809000
3.104748	5.000000
3.106024	6.901000
3.107301	5.207000
3.108577	7.075000
3.109854	4.771000
3.111131	6.901000
3.112407	5.000000
3.113684	6.990000
3.114961	5.207000
3.116237	7.075000
3.117514	4.515000
3.118790	7.075000
3.120067	3.891000
3.121344	7.236000
3.122620	5.396000
3.123897	7.075000
3.125174	5.000000
3.126450	6.611000
3.127727	5.000000
3.129003	6.712000
3.130280	4.515000
3.131557	6.901000
3.132833	4.515000
3.134110	6.809000
3.135387	4.515000
3.136663	6.712000
3.137940	3.495000
3.139216	7.236000
3.140493	0.000000
3.141770	7.157000
3.143046	3.891000
3.144323	6.276000
3.145600	4.515000
3.146876	6.901000
3.148153	4.771000
3.149429	6.712000
3.150706	4.225000
3.151983	6.809000
3.153259	4.225000
3.154536	6.276000
3.155813	5.000000
3.157089	6.990000
3.158366	3.010000
3.159642	6.990000
3.160919	3.495000
3.162196	6.990000
3.163472	4.771000
3.164749	6.901000
3.166026	5.396000
3.167302	6.505000
3.168579	4.225000
3.169855	6.712000
3.171132	3.891000
3.172409	6.901000
3.173685	5.207000
3.174962	6.505000
3.176239	4.515000
3.177515	6.611000
3.178792	4.771000
3.180068	7.075000
3.181345	2.386000
3.182622	6.901000
3.183898	4.771000
3.185175	6.809000
3.186451	4.771000
3.187728	6.276000
3.189005	3.891000
3.190281	6.611000
3.191558	3.891000
3.192835	6.990000
3.194111	4.771000
3.195388	6.809000
3.196664	4.515000
3.197941	6.901000
3.199218	4.771000
3.200494	6.990000
3.201771	4.515000
3.203048	6.505000
3.204324	3.891000
3.205601	6.901000
3.206877	5.207000
3.208154	6.712000
3.209431	4.771000
3.210707	6.505000
3.211984	3.495000
3.213261	6.276000
3.214537	3.495000
3.215814	6.394000
3.217090	4.771000
3.218367	6.712000
3.219644	3.495000
3.220920	7.075000
3.222197	0.000000
3.223474	6.990000
3.224750	4.771000
3.226027	7.157000
3.227303	5.396000
3.228580	6.712000
3.229857	3.495000
3.231133	6.809000
3.232410	4.771000
3.233687	6.712000
3.234963	4.515000
3.236240	6.505000
3.237516	4.515000
3.238793	6.394000
3.240070	3.495000
3.241346	7.075000
3.242623	4.225000
3.243900	6.505000
3.245176	3.891000
3.246453	6.394000
3.247729	4.515000
3.249006	7.157000
3.250283	4.515000
3.251559	6.611000
3.252836	4.225000
3.254113	6.712000
3.255389	4.515000
3.256666	6.276000
3.257942	4.225000
3.259219	6.505000
3.260496	3.495000
3.261772	6.611000
3.263049	2.386000
3.264326	6.611000
3.265602	2.386000
3.266879	6.611000
3.268155	3.891000
3.269432	6.505000
3.270709	4.771000
3.271985	7.075000
3.273262	4.225000
3.274538	6.712000
3.275815	4.515000
3.277092	6.712000
3.278368	4.515000
3.279645	6.611000
3.280922	4.225000
3.282198	6.712000
3.283475	1.505000
3.284751	6.901000
3.286028	4.225000
3.287305	6.712000
3.288581	3.495000
3.289858	6.712000
3.291135	3.010000
3.292411	7.075000
3.293688	5.000000
3.294964	7.075000
3.296241	4.515000
3.297518	6.276000
3.298794	4.225000
3.300071	6.611000
3.301348	3.010000
3.302624	6.712000
3.303901	2.386000
3.305177	7.457000
3.306454	4.515000
3.307731	6.394000
3.309007	4.225000
3.310284	6.712000
3.311561	4.515000
3.312837	6.990000
3.314114	5.000000
3.315390	6.809000
3.316667	1.505000
3.317944	6.809000
3.319220	4.225000
3.320497	6.712000
3.321774	1.505000
3.323050	6.152000
3.324327	1.505000
3.325603	6.712000
3.326880	4.515000
3.328157	6.505000
3.329433	4.771000
3.330710	6.901000
3.331987	4.225000
3.333263	6.990000
3.334540	3.891000
3.335816	6.611000
3.337093	4.225000
3.338370	6.611000
3.339646	3.891000
3.340923	6.394000
3.342200	3.010000
3.343476	6.611000
3.344753	0.000000
3.346029	6.990000
3.347306	4.225000
3.348583	6.394000
3.349859	4.225000
3.351136	6.611000
3.352413	3.891000
3.353689	6.394000
3.354966	3.891000
3.356242	6.394000
3.357519	3.891000
3.358796	6.712000
3.360072	4.771000
3.361349	6.021000
3.362625	0.000000
3.363902	6.901000
3.365179	4.225000
3.366455	6.809000
3.367732	3.891000
3.369009	6.394000
3.370285	4.771000
3.371562	6.394000
3.372838	3.010000
3.374115	6.712000
3.375392	3.010000
3.376668	6.901000
3.377945	4.225000
3.379222	6.505000
3.380498	4.771000
3.381775	6.901000
3.383051	3.010000
3.384328	6.809000
3.385605	0.000000
3.386881	6.901000
3.388158	4.515000
3.389435	6.152000
3.390711	3.010000
3.391988	6.712000
3.393264	3.010000
3.394541	6.505000
3.395818	4.225000
3.397094	6.901000
3.398371	3.891000
3.399648	6.394000
3.400924	3.891000
3.402201	6.394000
3.403477	3.495000
3.404754	6.712000
3.406031	3.495000
3.407307	6.990000
3.408584	4.515000
3.409861	6.712000
3.411137	3.891000
3.412414	5.880000
3.413690	2.386000
3.414967	6.809000
3.416244	2.386000
3.417520	6.712000
3.418797	3.891000
3.420074	6.394000
3.421350	3.495000
3.422627	6.505000
3.423903	1.505000
3.425180	6.505000
3.426457	3.010000
3.427733	7.075000
3.429010	3.891000
3.430287	6.276000
3.431563	4.225000
3.432840	6.712000
3.434116	4.225000
3.435393	6.712000
3.436670	3.495000
3.437946	6.152000
3.439223	3.891000
3.440500	6.152000
3.441776	3.010000
3.443053	6.611000
3.444329	4.515000
3.445606	6.505000
3.446883	2.386000
3.448159	6.505000
3.449436	0.000000
3.450712	6.152000
3.451989	4.515000
3.453266	6.505000
3.454542	2.386000
3.455819	6.611000
3.457096	3.891000
3.458372	6.276000
3.459649	0.000000
3.460925	6.611000
3.462202	4.771000
3.463479	6.809000
3.464755	0.000000
3.466032	6.990000
3.467309	0.000000
3.468585	6.712000
3.469862	3.495000
3.471138	6.152000
3.472415	3.010000
3.473692	6.021000
3.474968	2.386000
3.476245	6.276000
3.477522	3.495000
3.478798	6.505000
3.480075	3.010000
3.481351	6.505000
3.482628	4.515000
3.483905	6.611000
3.485181	0.000000
3.486458	6.901000
3.487735	4.225000
3.489011	6.712000
3.490288	2.386000
3.491564	6.611000
3.492841	4.771000
3.494118	6.505000
3.495394	2.386000
3.496671	6.611000
3.497948	1.505000
3.499224	6.505000
3.500501	4.515000
3.501777	6.276000
3.503054	3.495000
3.504331	6.152000
3.505607	3.495000
3.506884	6.990000
3.508161	3.495000
3.509437	6.901000
3.510714	2.386000
3.511990	6.152000
3.513267	3.010000
3.514544	6.394000
3.515820	2.386000
3.517097	6.276000
3.518374	3.495000
3.519650	6.809000
3.520927	3.495000
3.522203	6.394000
3.523480	3.010000
3.524757	6.394000
3.526033	2.386000
3.527310	6.712000
3.528587	2.386000
3.529863	6.021000
3.531140	3.010000
3.532416	6.611000
3.533693	3.891000
3.534970	6.712000
3.536246	3.495000
3.537523	6.611000
3.538799	2.386000
3.540076	6.394000
3.541353	0.000000
3.542629	5.731000
3.543906	3.010000
3.545183	6.021000
3.546459	0.000000
3.547736	7.075000
3.549012	0.000000
3.550289	6.901000
3.551566	1.505000
3.552842	6.021000
3.554119	4.225000
3.555396	6.505000
3.556672	0.000000
3.557949	6.505000
3.559225	3.010000
3.560502	6.712000
3.561779	0.000000
3.563055	6.152000
3.564332	3.010000
3.565609	6.505000
3.566885	3.495000
3.568162	6.276000
3.569438	3.010000
3.570715	6.809000
3.571992	3.010000
3.573268	6.611000
3.574545	5.207000
3.575822	5.880000
3.577098	1.505000
3.578375	6.152000
3.579651	3.010000
3.580928	6.394000
3.582205	4.515000
3.583481	6.505000
3.584758	2.386000
3.586035	6.276000
3.587311	0.000000
3.588588	6.611000
3.589864	1.505000
3.591141	6.809000
3.592418	4.225000
3.593694	5.570000
3.594971	3.891000
3.596248	5.880000
3.597524	0.000000
3.598801	6.809000
3.600077	4.515000
3.601354	6.611000
3.602631	3.010000
3.603907	6.152000
3.605184	4.225000
3.606461	6.152000
3.607737	0.000000
3.609014	6.152000
3.610290	3.891000
3.611567	6.809000
3.612844	0.000000
3.614120	6.276000
3.615397	2.386000
3.616674	6.611000
3.617950	3.495000
3.619227	6.611000
3.620503	2.386000
3.621780	6.276000
3.623057	4.225000
3.624333	6.505000
3.625610	3.891000
3.626886	6.152000
3.628163	0.000000
3.629440	6.901000
3.630716	0.000000
3.631993	6.990000
3.633270	1.505000
3.634546	6.394000
3.635823	3.010000
3.637099	6.505000
3.638376	3.495000
3.639653	6.505000
3.640929	4.225000
3.642206	5.880000
3.643483	4.225000
3.644759	6.712000
3.646036	3.891000
3.647312	6.394000
3.648589	0.000000
3.649866	6.152000
3.651142	0.000000
3.652419	6.712000
3.653696	1.505000
3.654972	6.152000
3.656249	3.495000
3.657525	6.611000
3.658802	0.000000
3.660079	6.505000
3.661355	2.386000
3.662632	6.394000
3.663909	3.495000
3.665185	5.731000
3.666462	0.000000
3.667738	6.505000
3.669015	2.386000
3.670292	6.276000
3.671568	0.000000
3.672845	6.505000
3.674122	2.386000
3.675398	5.880000
3.676675	3.495000
3.677951	6.152000
3.679228	3.010000
3.680505	6.712000
3.681781	1.505000
3.683058	6.152000
3.684335	4.225000
3.685611	6.021000
3.686888	4.225000
3.688164	6.394000
3.689441	0.000000
3.690718	6.611000
3.691994	2.386000
3.693271	6.394000
3.694548	3.010000
3.695824	5.880000
3.697101	1.505000
3.698377	5.880000
3.699654	2.386000
3.700931	6.276000
3.702207	3.891000
3.703484	6.505000
3.704761	3.495000
3.706037	5.880000
3.707314	3.891000
3.708590	6.505000
3.709867	0.000000
3.711144	6.394000
3.712420	0.000000
3.713697	6.394000
3.714973	3.010000
3.716250	6.152000
3.717527	1.505000
3.718803	6.276000
3.720080	0.000000
3.721357	6.152000
3.722633	1.505000
3.723910	6.611000
3.725186	4.225000
3.726463	6.276000
3.727740	1.505000
3.729016	6.152000
3.730293	3.495000
3.731570	6.505000
3.732846	0.000000
3.734123	6.152000
3.735399	3.010000
3.736676	6.152000
3.737953	2.386000
3.739229	6.394000
3.740506	3.010000
3.741783	6.712000
3.743059	3.891000
3.744336	6.021000
3.745612	0.000000
3.746889	6.276000
3.748166	3.891000
3.749442	6.152000
3.750719	2.386000
3.751996	6.990000
3.753272	0.000000
3.754549	6.152000
3.755825	1.505000
3.757102	6.021000
3.758379	0.000000
3.759655	5.880000
3.760932	1.505000
3.762209	6.505000
3.763485	3.010000
3.764762	6.152000
3.766038	3.495000
3.767315	6.276000
3.768592	2.386000
3.769868	5.570000
3.771145	0.000000
3.772422	6.276000
3.773698	1.505000
3.774975	6.152000
3.776251	1.505000
3.777528	6.394000
3.778805	2.386000
3.780081	6.021000
3.781358	2.386000
3.782635	6.276000
3.783911	1.505000
3.785188	5.880000
3.786464	3.495000
3.787741	6.394000
3.789018	0.000000
3.790294	6.394000
3.791571	0.000000
3.792848	6.809000
3.794124	0.000000
3.795401	6.901000
3.796677	0.000000
3.797954	5.396000
3.799231	1.505000
3.800507	6.505000
3.801784	0.000000
3.803061	5.731000
3.804337	1.505000
3.805614	6.394000
3.806890	3.495000
3.808167	6.021000
3.809444	1.505000
3.810720	5.880000
3.811997	2.386000
3.813273	5.880000
3.814550	0.000000
3.815827	6.505000
3.817103	0.000000
3.818380	5.880000
3.819657	2.386000
3.820933	6.152000
3.822210	3.010000
3.823486	5.731000
3.824763	3.010000
3.826040	6.712000
3.827316	2.386000
3.828593	5.731000
3.829870	0.000000
3.831146	6.394000
3.832423	0.000000
3.833699	6.611000
3.834976	0.000000
3.836253	6.021000
3.837529	1.505000
3.838806	5.570000
3.840083	2.386000
3.841359	5.880000
3.842636	0.000000
3.843912	6.611000
3.845189	1.505000
3.846466	6.394000
3.847742	2.386000
3.849019	6.152000
3.850296	2.386000
3.851572	6.611000
3.852849	0.000000
3.854125	6.152000
3.855402	1.505000
3.856679	6.505000
3.857955	3.010000
3.859232	5.570000
3.860509	3.891000
3.861785	6.276000
3.863062	1.505000
3.864338	6.276000
3.865615	0.000000
3.866892	6.152000
3.868168	0.000000
3.869445	5.880000
3.870722	3.891000
3.871998	6.152000
3.873275	0.000000
3.874551	6.152000
3.875828	0.000000
3.877105	6.712000
3.878381	1.505000
3.879658	6.394000
3.880935	1.505000
3.882211	6.152000
3.883488	0.000000
3.884764	6.152000
3.886041	0.000000
3.887318	6.152000
3.888594	3.495000
3.889871	5.570000
3.891148	0.000000
3.892424	6.276000
3.893701	0.000000
3.894977	6.276000
3.896254	0.000000
3.897531	6.152000
3.898807	0.000000
3.900084	5.880000
3.901360	4.515000
3.902637	6.276000
3.903914	0.000000
3.905190	6.276000
3.906467	0.000000
3.907744	6.021000
3.909020	3.891000
3.910297	5.880000
3.911573	3.010000
3.912850	5.880000
3.914127	0.000000
3.915403	6.611000
3.916680	1.505000
3.917957	6.394000
3.919233	1.505000
3.920510	6.021000
3.921786	3.495000
3.923063	5.731000
3.924340	0.000000
3.925616	6.505000
3.926893	0.000000
3.928170	5.731000
3.929446	0.000000
3.930723	5.880000
3.931999	3.495000
3.933276	6.021000
3.934553	1.505000
3.935829	5.570000
3.937106	0.000000
3.938383	6.152000
3.939659	3.010000
3.940936	5.880000
3.942212	2.386000
3.943489	5.731000
3.944766	2.386000
3.946042	5.880000
3.947319	3.495000
3.948596	5.570000
3.949872	0.000000
3.951149	6.152000
3.952425	3.891000
3.953702	6.152000
3.954979	0.000000
3.956255	6.505000
3.957532	0.000000
3.958809	6.276000
3.960085	0.000000
3.961362	5.880000
3.962638	1.505000
3.963915	5.570000
3.965192	0.000000
3.966468	5.731000
3.967745	0.000000
3.969022	6.276000
3.970298	2.386000
3.971575	5.880000
3.972851	0.000000
3.974128	5.731000
3.975405	0.000000
3.976681	6.021000
3.977958	1.505000
3.979235	6.152000
3.980511	2.386000
3.981788	6.021000
3.983064	3.495000
3.984341	5.880000
3.985618	0.000000
3.986894	6.021000
3.988171	2.386000
3.989447	5.396000
3.990724	0.000000
3.992001	6.152000
3.993277	3.495000
3.994554	5.880000
3.995831	0.000000
3.997107	6.152000
3.998384	0.000000
3.999660	5.880000
4.000937	2.386000
4.002214	6.021000
4.003490	3.891000
4.004767	6.021000
4.006044	0.000000
4.007320	6.276000
4.008597	3.891000
4.009873	6.021000
4.011150	0.000000
4.012427	5.396000
4.013703	3.495000
4.014980	5.880000
4.016257	0.000000
4.017533	6.152000
4.018810	0.000000
4.020086	6.021000
4.021363	3.495000
4.022640	6.276000
4.023916	1.505000
4.025193	5.880000
4.026470	0.000000
4.027746	6.021000
4.029023	0.000000
4.030299	6.276000
4.031576	2.386000
4.032853	5.570000
4.034129	0.000000
4.035406	5.731000
4.036683	0.000000
4.037959	6.394000
4.039236	0.000000
4.040512	6.505000
4.041789	0.000000
4.043066	5.731000
4.044342	3.495000
4.045619	6.021000
4.046896	0.000000
4.048172	5.880000
4.049449	0.000000
4.050725	6.021000
4.052002	3.495000
4.053279	5.731000
4.054555	0.000000
4.055832	6.021000
4.057109	0.000000
4.058385	6.276000
4.059662	0.000000
4.060938	6.611000
4.062215	0.000000
4.063492	5.880000
4.064768	2.386000
4.066045	6.021000
4.067322	0.000000
4.068598	6.021000
4.069875	2.386000
4.071151	5.731000
4.072428	3.010000
4.073705	6.152000
4.074981	2.386000
4.076258	5.880000
4.077534	0.000000
4.078811	5.570000
4.080088	0.000000
4.081364	6.394000
4.082641	0.000000
4.083918	5.731000
4.085194	2.386000
4.086471	5.731000
4.087747	0.000000
4.089024	6.152000
4.090301	1.505000
4.091577	6.021000
4.092854	0.000000
4.094131	5.880000
4.095407	3.891000
4.096684	6.152000
4.097960	0.000000
4.099237	6.276000
4.100514	0.000000
4.101790	6.021000
4.103067	1.505000
4.104344	5.731000
4.105620	2.386000
4.106897	6.021000
4.108173	0.000000
4.109450	6.276000
4.110727	0.000000
4.112003	5.570000
4.113280	0.000000
4.114557	5.731000
4.115833	0.000000
4.117110	6.152000
4.118386	0.000000
4.119663	6.152000
4.120940	0.000000
4.122216	6.152000
4.123493	1.505000
4.124770	5.207000
4.126046	0.000000
4.127323	5.880000
4.128599	0.000000
4.129876	5.731000
4.131153	0.000000
4.132429	5.570000
4.133706	0.000000
4.134983	6.276000
4.136259	1.505000
4.137536	5.396000
4.138812	0.000000
4.140089	6.394000
4.141366	0.000000
4.142642	5.731000
4.143919	0.000000
4.145196	6.021000
4.146472	3.495000
4.147749	5.731000
4.149025	0.000000
4.150302	5.731000
4.151579	0.000000
4.152855	6.021000
4.154132	0.000000
4.155409	6.276000
4.156685	0.000000
4.157962	6.021000
4.159238	0.000000
4.160515	6.276000
4.161792	0.000000
4.163068	5.880000
4.164345	3.495000
4.165621	6.021000
4.166898	0.000000
4.168175	5.880000
4.169451	0.000000
4.170728	6.021000
4.172005	0.000000
4.173281	6.021000
4.174558	2.386000
4.175834	6.021000
4.177111	0.000000
4.178388	6.276000
4.179664	1.505000
4.180941	5.880000
4.182218	0.000000
4.183494	6.021000
4.184771	4.515000
4.186047	6.152000
4.187324	0.000000
4.188601	5.880000
4.189877	0.000000
4.191154	6.021000
4.192431	0.000000
4.193707	5.731000
4.194984	3.891000
4.196260	5.731000
4.197537	0.000000
4.198814	5.880000
4.200090	0.000000
4.201367	6.611000
4.202644	0.000000
4.203920	5.880000
4.205197	0.000000
4.206473	5.570000
4.207750	0.000000
4.209027	5.570000
4.210303	0.000000
4.211580	6.021000
4.212857	1.505000
4.214133	6.394000
4.215410	0.000000
4.216686	6.021000
4.217963	0.000000
4.219240	5.000000
4.220516	0.000000
4.221793	6.152000
4.223070	0.000000
4.224346	6.152000
4.225623	3.891000
4.226899	6.021000
4.228176	0.000000
4.229453	5.207000
4.230729	0.000000
4.232006	6.276000
4.233283	0.000000
4.234559	5.570000
4.235836	0.000000
4.237112	6.021000
4.238389	2.386000
4.239666	5.731000
4.240942	0.000000
4.242219	5.880000
4.243496	0.000000
4.244772	6.152000
4.246049	0.000000
4.247325	5.570000
4.248602	2.386000
4.249879	6.021000
4.251155	0.000000
4.252432	5.570000
4.253708	0.000000
4.254985	5.880000
4.256262	0.000000
4.257538	6.152000
4.258815	0.000000
4.260092	6.021000
4.261368	0.000000
4.262645	5.396000
4.263921	0.000000
4.265198	6.152000
4.266475	0.000000
4.267751	5.880000
4.269028	1.505000
4.270305	5.570000
4.271581	0.000000
4.272858	6.021000
4.274134	3.495000
4.275411	6.152000
4.276688	1.505000
4.277964	5.880000
4.279241	3.891000
4.280518	6.152000
4.281794	0.000000
4.283071	6.276000
4.284347	0.000000
4.285624	6.394000
4.286901	2.386000
4.288177	5.207000
4.289454	0.000000
4.290731	5.880000
4.292007	0.000000
4.293284	6.021000
4.294560	0.000000
4.295837	5.731000
4.297114	0.000000
4.298390	6.152000
4.299667	1.505000
4.300944	5.570000
4.302220	0.000000
4.303497	6.021000
4.304773	0.000000
4.306050	6.021000
4.307327	0.000000
4.308603	5.880000
4.309880	0.000000
4.311157	6.021000
4.312433	0.000000
4.313710	5.731000
4.314986	0.000000
4.316263	6.276000
4.317540	0.000000
4.318816	5.396000
4.320093	0.000000
4.321370	5.570000
4.322646	0.000000
4.323923	6.276000
4.325199	0.000000
4.326476	6.276000
4.327753	0.000000
4.329029	5.207000
4.330306	0.000000
4.331583	5.396000
4.332859	0.000000
4.334136	6.276000
4.335412	0.000000
4.336689	5.880000
4.337966	0.000000
4.339242	5.731000
4.340519	0.000000
4.341795	5.731000
4.343072	0.000000
4.344349	6.276000
4.345625	3.010000
4.346902	6.394000
4.348179	0.000000
4.349455	5.570000
4.350732	1.505000
4.352008	5.570000
4.353285	0.000000
4.354562	5.570000
4.355838	0.000000
4.357115	5.880000
4.358392	0.000000
4.359668	6.152000
4.360945	3.010000
4.362221	5.880000
4.363498	0.000000
4.364775	6.276000
4.366051	0.000000
4.367328	6.809000
4.368605	0.000000
4.369881	5.000000
4.371158	2.386000
4.372434	4.771000
4.373711	0.000000
4.374988	5.880000
4.376264	0.000000
4.377541	5.570000
4.378818	0.000000
4.380094	5.880000
4.381371	0.000000
4.382647	5.396000
4.383924	1.505000
4.385201	6.505000
4.386477	0.000000
4.387754	5.880000
4.389031	3.010000
4.390307	5.396000
4.391584	0.000000
4.392860	5.207000
4.394137	0.000000
4.395414	5.880000
4.396690	2.386000
4.397967	5.731000
4.399244	2.386000
4.400520	6.276000
4.401797	2.386000
4.403073	6.021000
4.404350	0.000000
4.405627	6.276000
4.406903	0.000000
4.408180	6.152000
4.409457	3.010000
4.410733	5.880000
4.412010	0.000000
4.413286	5.880000
4.414563	0.000000
4.415840	6.276000
4.417116	2.386000
4.418393	5.731000
4.419670	0.000000
4.420946	5.396000
4.422223	3.010000
4.423499	6.394000
4.424776	0.000000
4.426053	5.396000
4.427329	0.000000
4.428606	5.880000
4.429882	0.000000
4.431159	5.880000
4.432436	0.000000
4.433712	5.731000
4.434989	1.505000
4.436266	6.505000
4.437542	0.000000
4.438819	5.207000
4.440095	0.000000
4.441372	5.880000
4.442649	1.505000
4.443925	6.021000
4.445202	0.000000
4.446479	6.505000
4.447755	0.000000
4.449032	6.611000
4.450308	0.000000
4.451585	5.731000
4.452862	1.505000
4.454138	5.880000
4.455415	0.000000
4.456692	5.207000
4.457968	0.000000
4.459245	5.731000
4.460521	0.000000
4.461798	5.396000
4.463075	0.000000
4.464351	5.880000
4.465628	0.000000
4.466905	6.394000
4.468181	0.000000
4.469458	6.276000
4.470734	0.000000
4.472011	5.880000
4.473288	0.000000
4.474564	5.731000
4.475841	0.000000
4.477118	6.152000
4.478394	0.000000
4.479671	6.394000
4.480947	0.000000
4.482224	5.207000
4.483501	1.505000
4.484777	6.152000
4.486054	0.000000
4.487331	6.505000
4.488607	0.000000
4.489884	6.276000
4.491160	0.000000
4.492437	5.570000
4.493714	0.000000
4.494990	5.396000
4.496267	0.000000
4.497544	5.570000
4.498820	0.000000
4.500097	5.880000
4.501373	0.000000
4.502650	5.731000
4.503927	2.386000
4.505203	5.880000
4.506480	0.000000
4.507757	6.276000
4.509033	0.000000
4.510310	6.021000
4.511586	0.000000
4.512863	5.570000
4.514140	0.000000
4.515416	5.731000
4.516693	3.891000
4.517969	5.880000
4.519246	0.000000
4.520523	6.505000
4.521799	0.000000
4.523076	5.396000
4.524353	0.000000
4.525629	5.731000
4.526906	0.000000
4.528182	6.276000
4.529459	0.000000
4.530736	5.396000
4.532012	0.000000
4.533289	5.880000
4.534566	2.386000
4.535842	6.021000
4.537119	0.000000
4.538395	6.394000
4.539672	1.505000
4.540949	5.396000
4.542225	0.000000
4.543502	5.731000
4.544779	0.000000
4.546055	5.396000
4.547332	0.000000
4.548608	6.152000
4.549885	0.000000
4.551162	6.276000
4.552438	0.000000
4.553715	5.570000
4.554992	3.010000
4.556268	6.276000
4.557545	0.000000
4.558821	5.731000
4.560098	0.000000
4.561375	6.021000
4.562651	0.000000
4.563928	6.152000
4.565205	1.505000
4.566481	4.771000
4.567758	0.000000
4.569034	6.021000
4.570311	0.000000
4.571588	5.880000
4.572864	0.000000
4.574141	6.021000
4.575418	0.000000
4.576694	5.396000
4.577971	0.000000
4.579247	6.276000
4.580524	0.000000
4.581801	5.880000
4.583077	1.505000
4.584354	5.731000
4.585631	0.000000
4.586907	5.570000
4.588184	0.000000
4.589460	5.731000
4.590737	0.000000
4.592014	6.021000
4.593290	0.000000
4.594567	5.396000
4.595844	1.505000
4.597120	5.207000
4.598397	0.000000
4.599673	6.021000
4.600950	0.000000
4.602227	5.731000
4.603503	0.000000
4.604780	5.207000
4.606056	0.000000
4.607333	5.880000
4.608610	0.000000
4.609886	6.394000
4.611163	0.000000
4.612440	6.394000
4.613716	0.000000
4.614993	5.396000
4.616269	0.000000
4.617546	5.396000
4.618823	0.000000
4.620099	5.880000
4.621376	0.000000
4.622653	5.396000
4.623929	0.000000
4.625206	5.731000
4.626482	0.000000
4.627759	6.021000
4.629036	0.000000
4.630312	6.021000
4.631589	0.000000
4.632866	6.152000
4.634142	0.000000
4.635419	5.207000
4.636695	0.000000
4.637972	5.000000
4.639249	0.000000
4.640525	5.731000
4.641802	0.000000
4.643079	5.880000
4.644355	0.000000
4.645632	5.207000
4.646908	0.000000
4.648185	6.021000
4.649462	0.000000
4.650738	5.731000
4.652015	0.000000
4.653292	6.021000
4.654568	0.000000
4.655845	5.570000
4.657121	2.386000
4.658398	5.570000
4.659675	0.000000
4.660951	5.731000
4.662228	0.000000
4.663505	5.570000
4.664781	0.000000
4.666058	5.570000
4.667334	0.000000
4.668611	5.207000
4.669888	0.000000
4.671164	5.731000
4.672441	0.000000
4.673718	6.152000
4.674994	0.000000
4.676271	5.570000
4.677547	0.000000
4.678824	4.771000
4.680101	0.000000
4.681377	5.207000
4.682654	0.000000
4.683931	6.152000
4.685207	0.000000
4.686484	5.207000
4.687760	3.010000
4.689037	5.396000
4.690314	0.000000
4.691590	5.731000
4.692867	0.000000
4.694143	5.880000
4.695420	0.000000
4.696697	5.396000
4.697973	0.000000
4.699250	4.771000
4.700527	0.000000
4.701803	6.276000
4.703080	0.000000
4.704356	6.021000
4.705633	0.000000
4.706910	6.152000
4.708186	3.495000
4.709463	5.570000
4.710740	0.000000
4.712016	6.152000
4.713293	0.000000
4.714569	6.021000
4.715846	0.000000
4.717123	4.771000
4.718399	0.000000
4.719676	5.880000
4.720953	0.000000
4.722229	5.731000
4.723506	0.000000
4.724782	5.880000
4.726059	0.000000
4.727336	5.396000
4.728612	3.010000
4.729889	5.880000
4.731166	0.000000
4.732442	6.021000
4.733719	0.000000
4.734995	6.505000
4.736272	0.000000
4.737549	5.000000
4.738825	0.000000
4.740102	5.207000
4.741379	0.000000
4.742655	6.021000
4.743932	1.505000
4.745208	5.000000
4.746485	0.000000
4.747762	5.570000
4.749038	2.386000
4.750315	6.276000
4.751592	0.000000
4.752868	6.152000
4.754145	0.000000
4.755421	5.731000
4.756698	0.000000
4.757975	5.000000
4.759251	0.000000
4.760528	5.000000
4.761805	0.000000
4.763081	5.207000
4.764358	0.000000
4.765634	5.396000
4.766911	0.000000
4.768188	5.731000
4.769464	0.000000
4.770741	5.207000
4.772018	0.000000
4.773294	6.152000
4.774571	0.000000
4.775847	6.276000
4.777124	0.000000
4.778401	5.731000
4.779677	0.000000
4.780954	4.771000
4.782230	0.000000
4.783507	6.152000
4.784784	0.000000
4.786060	6.021000
4.787337	0.000000
4.788614	5.570000
4.789890	0.000000
4.791167	5.880000
4.792443	0.000000
4.793720	5.731000
4.794997	0.000000
4.796273	5.570000
4.797550	0.000000
4.798827	5.731000
4.800103	0.000000
4.801380	5.396000
4.802656	0.000000
4.803933	5.880000
4.805210	0.000000
4.806486	5.880000
4.807763	0.000000
4.809040	5.396000
4.810316	0.000000
4.811593	5.731000
4.812869	0.000000
4.814146	5.207000
4.815423	0.000000
4.816699	5.731000
4.817976	0.000000
4.819253	5.570000
4.820529	0.000000
4.821806	5.396000
4.823082	0.000000
4.824359	5.731000
4.825636	1.505000
4.826912	5.731000
4.828189	0.000000
4.829466	5.396000
4.830742	0.000000
4.832019	5.570000
4.833295	0.000000
4.834572	5.570000
4.835849	0.000000
4.837125	5.570000
4.838402	0.000000
4.839679	5.880000
4.840955	0.000000
4.842232	5.207000
4.843508	0.000000
4.844785	6.021000
4.846062	0.000000
4.847338	5.000000
4.848615	1.505000
4.849892	6.021000
4.851168	0.000000
4.852445	5.880000
4.853721	0.000000
4.854998	6.152000
4.856275	0.000000
4.857551	6.152000
4.858828	0.000000
4.860105	5.207000
4.861381	2.386000
4.862658	5.570000
4.863934	0.000000
4.865211	5.731000
4.866488	0.000000
4.867764	5.570000
4.869041	0.000000
4.870317	5.396000
4.871594	0.000000
4.872871	4.771000
4.874147	0.000000
4.875424	6.152000
4.876701	0.000000
4.877977	6.152000
4.879254	0.000000
4.880530	5.570000
4.881807	0.000000
4.883084	5.731000
4.884360	0.000000
4.885637	4.771000
4.886914	0.000000
4.888190	5.880000
4.889467	0.000000
4.890743	5.731000
4.892020	0.000000
4.893297	4.771000
4.894573	0.000000
4.895850	5.731000
4.897127	0.000000
4.898403	5.880000
4.899680	0.000000
4.900956	5.570000
4.902233	0.000000
4.903510	5.731000
4.904786	0.000000
4.906063	5.396000
4.907340	0.000000
4.908616	6.152000
4.909893	0.000000
4.911169	4.225000
4.912446	0.000000
4.913723	5.396000
4.914999	0.000000
4.916276	5.731000
4.917553	0.000000
4.918829	5.880000
4.920106	0.000000
4.921382	5.396000
4.922659	0.000000
4.923936	5.731000
4.925212	0.000000
4.926489	5.396000
4.927766	0.000000
4.929042	5.396000
4.930319	0.000000
4.931595	5.570000
4.932872	0.000000
4.934149	6.021000
4.935425	0.000000
4.936702	5.731000
4.937979	0.000000
4.939255	5.731000
4.940532	0.000000
4.941808	5.396000
4.943085	0.000000
4.944362	5.570000
4.945638	0.000000
4.946915	5.731000
4.948192	0.000000
4.949468	5.570000
4.950745	0.000000
4.952021	5.396000
4.953298	0.000000
4.954575	6.152000
4.955851	0.000000
4.957128	5.207000
4.958404	0.000000
4.959681	5.880000
4.960958	0.000000
4.962234	5.207000
4.963511	0.000000
4.964788	5.570000
4.966064	0.000000
4.967341	6.152000
4.968617	0.000000
4.969894	5.880000
4.971171	0.000000
4.972447	5.731000
4.973724	1.505000
4.975001	5.880000
4.976277	0.000000
4.977554	5.570000
4.978830	0.000000
4.980107	5.396000
4.981384	0.000000
4.982660	5.396000
4.983937	0.000000
4.985214	5.207000
4.986490	0.000000
4.987767	5.207000
4.989043	0.000000
4.990320	5.731000
4.991597	0.000000
4.992873	6.021000
4.994150	0.000000
4.995427	5.000000
4.996703	0.000000
4.997980	5.570000
